6684	4910	5020	5136	5054	4901	5087	5088	5050	5025	124	112	9203	7210	7093	7291	7089	7191	7271	7286	7294	7386	136	124	6386	5345	5404	5427	5526	5330	5557	5493	5629	5650	151	108	7097	3939	3896	4005	3899	3840	3966	3915	3962	3982	144	114	7812	4815	4851	4838	4817	4728	4788	4715	4849	4740	152	115	5891	6589	6625	6708	6658	6710	6726	6890	6846	6771	135	125	7093	4881	4980	4863	4797	4776	4825	4889	4987	4904	155	133	6834	7157	7410	7161	7239	7211	7301	7393	7487	7205	120	112
6499	4934	5122	5259	5235	5076	5259	5319	5303	5354	114	116	9871	7257	7401	7239	7321	7310	7470	7205	7343	7235	133	116	6172	5378	5636	5737	5739	5557	5643	5869	5800	5908	146	102	7900	3852	3831	3901	3958	3949	4011	3915	3959	3981	158	110	7447	4809	4939	5085	4937	4959	5058	5146	5123	5138	162	112	6161	6499	6842	6846	6813	6779	6929	6924	6972	6983	151	120	7721	5328	5391	5367	5268	5279	5392	5376	5425	5315	179	106	6857	7795	7816	8185	8149	7979	8241	8326	8438	8281	136	118
6821	5132	5530	5700	5839	5751	5918	5963	6076	5976	103	93	11077	7551	7972	7902	8024	7977	8129	7986	8081	8096	155	122	6473	5531	6103	6257	6323	6385	6498	6704	6572	6458	155	111	8941	3880	3919	4050	4046	4089	4159	4099	4149	4300	147	116	7500	4943	5506	5528	5628	5526	5543	5663	5762	5678	157	111	6871	6627	7248	7244	7443	7421	7551	7483	7458	7541	168	123	8852	5906	6138	6234	6354	6387	6444	6523	6592	6679	156	121	7102	8230	8973	9478	9472	9730	9871	10038	9971	9887	118	111
7348	5110	6146	6424	6611	6820	7053	7009	7113	6955	102	116	12706	7822	8749	8947	8883	8856	9198	8890	9061	8990	158	119	6898	5630	6589	6909	7351	7422	7639	7828	7671	7628	164	104	10554	3814	4152	4222	4467	4442	4610	4517	4621	4736	154	116	7827	5073	6013	6334	6724	6549	6748	6834	6908	6856	173	120	8058	6540	7717	8032	8296	8089	8405	8463	8442	8351	150	122	10591	6681	7215	7524	7743	7923	8021	8075	8070	8258	175	129	7781	8717	10027	10765	11471	11761	12115	12253	12359	12158	121	119
8165	5246	6547	7253	7907	8020	8256	8405	8462	8450	104	113	14890	7917	9474	10068	10130	10318	10470	10313	10458	10570	175	114	7784	5817	6902	7711	8442	8654	9134	9235	9277	9226	179	105	12531	3872	4481	4722	5146	5206	5397	5324	5387	5516	181	116	8422	5135	6529	7368	7705	7825	8118	8226	8301	8322	175	123	9517	6852	8268	8827	9293	9552	9706	9760	9911	9676	183	116	12555	7649	8623	8964	9684	9887	10018	10259	10152	10288	187	118	8704	9116	10727	12196	13336	13914	14278	14773	14868	14520	122	120
9318	5268	6883	8039	9149	9630	9841	10032	10039	10022	102	107	16795	8004	10435	11260	11593	11847	12039	11972	12022	11971	177	102	8765	5765	7250	8326	9837	10332	10817	10898	10982	11052	187	103	14670	3910	4692	5389	5934	6069	6339	6564	6467	6468	176	102	9265	5118	6957	8168	9162	9372	9848	9992	10161	10056	185	113	11283	6771	8666	9669	10621	10942	11265	11330	11348	11124	199	118	14548	8734	9962	10818	11478	12006	12654	12488	12703	12906	178	111	9876	9477	11450	13247	15361	16323	16871	16998	17393	17059	121	98
10472	5185	7257	8895	10682	11336	11697	11821	11981	11859	105	99	19065	8091	11193	12437	13237	13385	13587	13643	13904	13974	173	126	10105	5608	7515	9130	11082	11831	12495	12574	12826	12808	169	111	16801	3993	4951	5854	6932	7461	7758	7773	7845	7875	189	116	10763	5075	7355	8991	10666	11102	11482	11916	12087	12211	188	118	13460	6720	9088	10483	11969	12393	12725	12829	13205	12761	177	109	16675	9783	11434	12463	13937	14878	15479	15444	15697	15897	183	118	11405	9501	11980	14269	17139	18717	19368	19785	20051	19700	116	113
12161	5132	7278	9465	11817	12896	13523	14061	14093	13971	106	111	21202	8045	11757	14035	15066	15298	15733	15609	15877	15855	199	129	11995	5593	7524	9280	12143	13482	14252	14644	14886	14829	196	115	18965	4004	5180	6417	8006	9005	9584	9637	9637	9654	210	104	12186	5157	7513	9683	12056	13201	14073	14158	14200	14183	200	110	15672	6748	9180	11226	13218	13823	14411	14802	14682	14407	199	108	19105	11005	13201	14460	16963	18085	18719	19298	19135	19513	191	112	13699	9726	12525	14917	19053	20985	22466	22960	22939	22797	126	125
14408	5152	7374	10054	13238	15031	16168	16324	16544	16511	111	119	23851	7943	12412	15309	16897	17328	17879	17545	18051	17783	208	104	13945	5590	7631	9794	13174	15461	16816	17027	17188	17103	200	116	21871	4142	5481	6955	9457	10656	11781	11837	11840	11994	202	111	14437	5131	7707	10347	13615	15417	16393	16731	16869	16635	209	120	18782	6722	9504	11683	14305	15594	16466	16795	16661	16653	212	122	21699	12419	15545	17163	19935	21882	23092	23281	23553	24017	205	126	15610	9848	12692	15672	20352	24114	25221	26460	26717	26169	129	112
17373	5104	7674	10468	15024	17585	18929	19206	19467	19756	112	122	27005	8116	13155	16743	19139	20106	20771	20466	20839	20606	214	115	16804	5568	7682	10173	14678	17956	19372	19893	20320	20053	227	112	24987	4413	5972	7678	10966	13186	14917	14961	14816	14959	222	121	17033	5104	7934	10983	15625	17867	19612	20079	20077	20316	226	120	22818	6611	9750	12273	15928	17552	18816	18933	19249	19072	225	125	24949	13782	18296	19760	23174	25826	27667	28567	28959	29724	225	116	18923	9940	13156	16454	22457	26376	29284	29874	30676	30577	131	116
20986	5210	8031	11051	16975	20779	22817	23239	23316	23486	119	113	31545	8142	13548	18403	21876	23238	23774	23780	24128	23896	249	105	20217	5658	7868	10436	15654	20472	22905	23418	23857	23598	246	111	29012	4701	6479	8428	12758	16301	18346	18916	18668	18627	218	123	20559	5270	8330	11366	17223	21024	23193	24205	24262	24162	227	119	27395	6676	10037	12999	17556	20403	21715	21764	22240	21808	218	107	29140	15055	21917	23746	27534	31272	33736	34107	35044	35353	267	108	22720	9941	13312	16524	23881	29923	33080	33785	34292	34050	119	105
25236	5304	8160	11645	18569	24287	26716	27601	27794	27985	109	116	36425	8184	14026	20035	24949	26833	27911	27680	27975	28019	253	107	24698	5659	8096	10914	17216	23559	26799	27776	27898	27805	244	111	33585	4901	7250	9226	14248	19585	22435	23579	23675	23828	266	123	24564	5286	8615	11648	18451	24001	26856	28430	29101	29214	260	111	32638	6783	10533	13548	19407	23163	24954	25680	25942	25954	241	124	33247	16826	25662	27361	32206	37480	39987	41438	41844	42744	274	107	27702	10118	14109	17241	25842	33982	37474	39086	39657	39486	119	114
30407	5468	8753	12275	20409	28025	31153	32509	32843	33031	120	124	42258	8066	14429	21776	28498	31367	32191	32562	33014	32252	267	108	30036	5654	8328	11029	18128	26313	30935	31975	32369	32374	277	117	38610	5207	8121	10074	15747	22931	26882	28600	29284	29257	269	104	28714	5458	8658	12027	19952	27530	31273	32978	34010	34071	276	110	38951	6673	10955	14083	21185	26645	29066	30511	30373	30235	283	118	38406	18930	29751	31572	35878	42364	46793	48131	48959	50216	275	109	33577	10428	14705	18564	28306	38359	43219	45271	46188	45788	126	124
36155	5738	9131	12888	22082	32015	35991	38103	38648	39312	126	107	48940	8287	15090	22664	31741	35740	37273	37515	37937	37925	316	105	36119	5865	8646	11438	19164	29628	35153	36784	37434	37968	307	117	44517	5521	9077	11140	17393	26343	32009	33809	34436	35138	327	113	33646	5287	9121	12328	21291	31189	35892	37984	38911	39447	322	113	45506	7059	11929	15008	22865	29900	33589	34899	35231	34770	303	124	43662	20633	32875	34696	40114	47077	52981	55274	56252	56928	328	118	40523	10684	15657	19437	30005	42793	49981	51494	52216	52292	113	110
43145	5942	9540	13358	23191	35530	41451	44233	44324	45543	116	112	55176	8432	15299	24207	35442	40780	42388	42965	43566	43530	351	110	42686	5904	8797	11794	20344	32411	39603	42032	42352	43395	345	106	49884	5986	10345	12532	18659	29047	37147	40096	41109	42202	359	112	39177	5515	9199	12931	22096	34133	41418	44289	45321	46184	335	107	52203	7036	12505	15782	24467	33814	38602	40241	40581	40256	312	120	49780	22310	36595	38983	43706	52509	59581	62461	64197	65374	345	106	47118	11140	16772	20587	31949	47824	55855	58993	60062	59770	112	107
50030	5979	10255	14069	24315	38893	46576	49781	50664	51932	117	116	62719	8423	15612	25234	38788	45905	48392	48797	49968	50201	363	107	49815	5958	9185	12283	20855	35336	44342	47654	48313	49963	355	114	56230	6495	11856	14218	20667	32717	43272	46376	48167	49730	369	114	44768	5706	9515	13226	23194	37571	46379	50182	51686	53126	355	118	59828	7388	13176	16373	26163	37669	44151	46250	46634	46818	357	110	55648	24167	39759	42162	47522	57393	66065	69679	72194	73575	386	110	55014	11678	17802	21573	33156	51139	61875	65264	67001	68231	134	110
57016	6231	10712	14822	24972	40789	50519	54346	56831	57315	111	105	68834	8522	15554	26007	41502	50428	53970	54826	55805	55915	400	121	56171	6003	9560	12584	21158	36895	48495	52807	54227	55703	432	112	61137	6885	13237	16304	22644	36016	48934	53561	54944	57352	401	96	51045	5682	10096	13978	23771	39999	51712	55835	58282	59700	387	114	66812	7330	13901	17310	27534	41464	49594	52759	53398	53624	404	120	60988	25078	42008	45411	50899	61254	71811	75786	78620	81688	438	125	62599	12102	18569	22546	34045	55375	68706	72686	74300	74559	113	99
64063	6581	11224	15416	25719	42779	54559	59299	62004	63198	115	112	75004	8456	16024	26388	43333	54090	59585	61255	61400	61977	464	112	63408	6124	10148	13074	21538	38167	51839	57122	59587	62037	455	105	67846	7195	14472	17760	24406	38822	54396	60448	62706	64651	438	122	54854	5899	10564	14508	24952	42602	57250	62317	65150	66728	455	113	71571	7558	15051	18278	28160	44811	54589	58382	59476	59900	454	123	67053	25684	43649	47453	53445	64069	76029	81325	84532	88345	460	109	70000	12602	19884	23869	35958	58932	75145	79903	82569	82526	116	108
68960	6797	11763	15667	26297	44087	57665	64592	66800	69286	117	120	82478	8461	16020	26503	44216	57282	64082	65740	65951	66680	467	123	68758	6319	10341	13279	22079	39612	55919	61660	64620	67578	507	104	75523	7822	15240	19072	26039	40315	58235	66086	69242	72998	524	117	58402	6021	10598	15122	25139	44550	62198	68887	72373	74990	517	125	76649	7754	15438	18945	29224	47890	60519	64493	65736	66302	484	108	75494	26399	45025	50651	56777	67415	80485	87254	90671	94591	514	122	77197	12797	20536	24401	36633	62291	82978	89149	91120	93978	141	125
74134	6922	11972	16120	26492	45092	60257	68287	72095	74909	117	106	87271	8674	16224	26963	45296	60300	68040	70922	71473	71732	563	111	72680	6422	10513	13546	22335	40261	58841	66537	70035	74679	543	120	81857	8035	15906	19821	27191	41634	60653	69544	73413	78654	574	120	61015	6047	10868	15521	25594	45625	66044	74307	78754	82322	550	110	78578	8033	15798	19813	30060	50092	64685	70401	71248	71514	568	120	82067	26079	47713	53292	60105	70733	84418	92223	96537	101282	572	118	80898	12990	21056	25651	37316	63481	87507	95629	99526	102458	115	118
76214	7106	12373	16605	26697	44816	60824	70713	75765	79567	108	112	92504	8655	16481	26816	45211	61558	72144	76011	76917	77830	632	109	75660	6626	10478	14200	22306	40442	59999	70184	74312	79821	633	118	87504	8265	16469	20768	28025	42364	61660	72058	76324	81462	612	108	63560	6211	11073	15975	25862	45741	67428	77127	83895	87769	648	118	82376	8261	16300	20239	30783	52669	69568	76734	78024	79513	672	114	87091	26046	49779	57500	63405	74674	89629	99176	102501	107523	675	118	83933	12953	21827	26427	38088	64910	90804	101558	105985	108882	122	109
79127	7335	12612	17156	27545	45075	61596	72707	78449	83620	112	112	97280	8675	16327	26763	45766	63386	74791	79677	80313	81552	712	115	78176	6645	10776	14150	22588	40547	61321	72358	78816	84535	729	104	91399	8385	17399	21711	29480	43663	62912	74156	79335	85990	745	116	66822	6466	11483	16184	26388	45860	68175	80423	87222	91482	747	105	86098	8254	16723	20979	31328	53233	73804	81349	83617	85401	750	130	91219	26392	53641	61073	67518	78433	94517	104785	108964	115954	710	120	87929	13215	22891	27358	39601	65419	94172	106818	112179	116702	119	111
81664	7475	13313	17637	27669	45347	63462	76066	81987	88052	112	116	99536	8600	16766	27081	45505	63331	77160	83129	83099	85991	802	119	80366	6666	11238	14546	22835	40644	61929	75313	81229	88079	844	120	96117	8447	18950	23894	31536	45755	65575	78229	84515	92535	800	109	70050	6418	12133	17229	26947	46963	69795	83411	90713	96789	845	122	90851	8270	16858	21367	31901	53794	75479	85897	88166	91432	863	126	94295	27207	56137	64123	72036	82013	99165	111221	115951	123254	829	121	93398	13380	24176	28707	40764	66522	96145	110672	117172	122174	124	115
86813	7601	14116	18538	28522	46518	65011	79630	87244	93552	110	119	104415	8681	16732	26908	44618	63410	78631	85349	85881	87487	913	125	85956	6872	11525	15025	23184	41414	62453	77632	84980	91659	951	118	100519	8901	20758	26577	34689	48232	68775	82675	89778	98883	925	115	74745	6442	12499	17813	27636	47676	70994	86412	95390	101739	918	107	96820	8496	17191	21763	31780	53744	76652	88153	92030	94846	927	116	99830	27270	59240	69291	75887	87524	105043	117628	123839	131052	1026	109	99317	13568	25124	30027	41848	68397	99655	115530	122414	127581	115	112
92204	7956	15106	19389	29919	48126	68137	85103	92749	100927	110	105	110292	9027	16651	26906	45318	64785	81749	89304	89311	93201	1024	129	91832	7037	12019	15212	23728	41650	64074	81838	89163	97679	1036	121	103054	9101	22746	29184	37748	51822	73373	89129	97004	108826	1040	121	79875	6814	13368	19102	28961	48470	74054	91340	100672	107336	1066	120	104079	8508	17970	22879	33014	54767	78360	91259	95983	101234	1059	128	103237	28324	62889	73639	81963	92590	111493	127392	134632	142720	1123	118	107184	13846	26755	31620	42985	69645	103740	121614	129331	135595	127	107
97987	8185	15920	20924	30890	49085	70955	91032	100172	108626	125	120	115357	8917	17050	27211	45625	65430	85072	94911	95096	99040	1173	110	96577	7148	12486	15855	24416	42098	65950	85535	94409	101565	1161	120	106559	9512	25264	32691	42128	55667	77863	95818	107151	119684	1155	118	87496	7047	14356	20192	30359	49312	77831	96912	107181	114865	1177	120	113853	8617	18998	24092	34021	55504	80781	96606	101535	107311	1240	127	107184	29182	66567	78513	88479	99211	119740	137934	146859	155738	1217	120	117185	14174	28601	33633	45054	71918	108251	128364	137180	143396	119	121
106053	8473	16930	22006	31898	50112	74719	98445	107886	116027	127	113	121284	8965	17287	27328	45335	66753	88688	98955	100087	104604	1323	111	103345	7403	13231	16711	24637	42621	68361	89998	98074	107376	1261	108	110357	9977	27288	36530	47109	60049	83058	105066	117613	132367	1323	117	94263	7255	15079	21936	31940	50913	80699	103001	115594	122642	1314	121	123871	8949	19604	25384	35326	56792	83048	100936	106939	113883	1334	116	112595	29448	69877	83203	93677	104926	127196	146576	156615	166973	1397	117	128067	14723	30303	35703	46573	73315	112121	134967	144926	152667	116	108
117041	8838	18034	23739	33743	51932	78413	105396	115586	127357	112	118	128761	9144	17600	27879	46174	67882	93792	104250	106212	109961	1482	122	111880	7645	13697	17243	25536	43320	70813	95182	104928	113651	1478	119	115068	10298	30228	40070	52189	65647	89877	115503	129799	145868	1463	108	102568	7400	16593	23502	33797	52901	85331	111376	121675	132215	1486	113	135213	9035	20671	27239	36967	58884	86073	106556	113329	117844	1458	129	117896	30420	72629	86758	98844	110147	131314	153400	166548	175976	1544	119	139760	15330	32028	38144	49043	75581	116808	142666	151889	161517	134	102
125934	9050	19595	24909	35236	54442	83091	113228	125430	138760	100	102	136688	9417	18153	28326	46032	70009	99102	111226	112424	117403	1597	119	121635	7730	14441	18198	26327	44891	73826	101074	111734	121223	1563	112	120903	10686	32411	44242	56633	70720	94214	122890	140706	158021	1615	120	113581	7798	17690	25426	36158	55589	89670	119743	130912	143215	1596	129	146815	9280	22279	29073	39384	58991	89871	111648	118964	125571	1615	125	123580	30929	73789	89547	102634	113851	135773	159198	172790	184242	1658	113	151713	15630	33849	40362	51099	77591	122272	149406	161583	172402	123	118
140009	9519	21222	26634	37255	55994	88094	122140	137429	150991	124	108	145229	9619	18249	28332	47118	71990	104116	118755	120450	124901	1718	116	132066	7961	15427	19376	27856	46418	76850	105486	118138	128835	1720	106	126916	11224	35101	47530	61622	74823	98401	130741	151404	169589	1715	119	125643	8173	19073	27417	38358	58049	95130	128090	141914	153349	1717	115	159423	9509	23610	31452	41758	62075	94335	118886	126781	134529	1702	131	129840	31893	76201	91277	105789	117564	138893	163779	177817	190075	1839	125	163560	16079	35687	42490	52981	81128	127360	158543	171655	182161	118	128
149806	9881	22409	28649	38691	57250	94074	130461	149177	163663	115	113	154500	9660	18868	28950	48192	74215	111142	126497	129304	134168	1894	119	143761	8302	16424	20449	29315	47795	79227	112862	126227	135636	1869	117	135288	11508	37455	50830	65982	78685	103280	136913	157658	178361	1855	112	138513	8489	20467	29905	40762	60778	98923	135325	150750	165259	1873	117	172452	9878	25074	33783	44893	64671	100377	127524	136154	143156	1909	123	137904	32489	77946	93816	108759	120363	143301	168206	182614	195996	2053	106	174164	16289	37139	44704	55488	82506	129472	164850	179955	190150	138	124
164491	10243	24105	30270	40265	60116	96423	139052	159176	174884	112	120	164505	9965	19333	29571	48388	77635	118903	137829	139014	145487	2010	116	156328	8547	17449	21819	30753	49747	83695	121329	134084	146279	2023	113	142350	12089	39390	53926	69682	83928	106646	142346	165807	185136	1958	116	149861	8872	21801	31091	42695	61905	102454	140351	159329	173021	1989	115	181597	10312	26671	36123	47531	68230	107409	137999	147539	155333	2013	113	146650	33655	79021	96082	110618	122881	144243	170156	189156	201015	2128	115	185253	16730	38949	46617	56771	83383	134208	170714	183887	197255	109	114
174047	10746	25194	31447	42107	61276	100524	146204	166775	182637	116	116	172387	10307	20018	30018	49333	79748	126102	145892	149520	156340	2220	112	166043	8907	18711	23322	32312	51759	87998	127851	143660	154577	2181	115	152203	12580	41310	56462	73776	87670	110441	150121	173392	193093	2157	116	160366	9276	23126	33183	45406	65492	105503	146670	166262	181670	2204	115	191458	10737	28918	38789	50485	71162	113130	147023	157945	166299	2177	126	154451	34681	79530	96916	112723	124686	147392	172850	192532	208143	2329	117	193312	17216	40793	48046	59399	86373	137981	175949	191475	205437	134	131
183237	11131	26403	32620	43356	63296	103467	151030	173872	189408	111	120	180823	10723	20269	30604	50488	83142	134442	154771	157546	167278	2413	111	177369	9215	19694	24485	33893	53765	91239	133633	150142	163333	2314	111	160479	13049	43238	58839	76992	91311	114934	152729	177933	198451	2348	129	170818	9773	24523	35110	47216	67109	108732	150758	171106	186217	2384	120	199963	11110	30101	41167	52631	74199	118329	155468	168325	178086	2397	114	163877	35262	81319	97327	114073	125506	147401	176336	196792	213781	2502	109	200238	17600	42531	50466	61397	89455	140118	179268	198203	208960	131	122
192147	11445	27399	34414	44680	65018	105627	155569	179255	197773	118	114	187271	10757	20862	31235	51016	84268	140797	162037	166729	174838	2451	107	184825	9628	20798	25769	35286	55187	93653	139182	160008	171812	2519	132	166893	13543	44845	61803	79984	94403	115955	155094	182587	205606	2584	111	181169	9981	25531	36491	49155	69745	110369	155152	175758	192422	2480	119	207736	11455	31600	43657	55472	77478	122436	163124	176842	187917	2505	119	172088	35910	81965	97242	114958	126458	148865	180073	199825	218861	2658	122	207267	18082	43826	51848	63302	90671	142069	181456	201373	210541	135	123
198499	12052	28528	35314	46148	66791	108597	159373	184335	203614	123	120	193748	11144	21216	31686	51792	86740	146180	169048	174748	183006	2721	108	193526	10124	21874	27278	36550	56958	97087	145586	166511	180197	2669	105	174793	14162	46583	63225	82020	97003	118571	158624	186832	209809	2707	119	187074	10350	27047	38229	51289	70754	114303	158366	179213	196799	2694	126	215823	11851	33107	45485	57640	79647	126707	169556	185908	197133	2718	133	177922	37315	82122	98412	115808	128578	150375	179950	204497	232590	2895	125	215707	18482	44706	53472	64587	92322	144674	184243	201594	212549	134	114
205464	12617	29640	36385	47114	67555	109883	164000	187680	207132	131	115	199970	11306	21671	32567	52853	88952	150872	175900	181413	189697	2876	112	198516	10346	22737	28377	37604	58564	98543	150304	171320	184622	2901	112	181390	14588	47863	65010	84125	98773	121311	159109	190458	217213	2867	118	196778	10802	28047	39586	52458	73119	115032	160616	180681	198266	2847	111	222498	12030	34672	47603	60630	82230	129413	174670	192941	202883	2859	122	183172	37829	83254	99298	116059	129593	149685	182473	208380	238980	3012	121	222199	18880	46879	55276	65644	93829	145392	185858	203191	214386	136	121
211898	12784	30547	37788	48135	69731	112822	165465	192695	211295	118	114	202498	11607	22131	33183	53481	91307	155305	179604	187215	193139	3008	100	206693	10754	24131	29430	38843	59928	100396	152969	175149	187391	3022	119	185743	15247	49180	66476	86050	100364	122459	163111	193590	221848	3048	127	201998	11278	29421	41257	54621	74900	116673	163229	184472	200803	2924	112	224635	12359	36086	49652	63027	84927	131780	177016	195474	208824	3057	118	187513	38712	83487	98425	116362	129777	150213	183499	208730	244335	3328	118	225648	19548	47885	56059	67276	95248	145543	188422	205653	218229	136	112
217254	13607	32059	38679	49482	70452	113953	168489	194868	214800	120	113	208376	11857	23244	33515	54521	92686	159889	182929	190407	197737	3183	125	211568	11304	25493	30852	40235	61339	103771	154891	178374	192040	3192	108	190911	15719	50184	67081	87382	101584	123071	163923	199865	237833	3236	115	209427	11698	30406	41706	55646	76213	117717	164108	188049	204019	3251	115	239432	12954	37719	51400	64890	87570	136382	180649	200475	212582	3336	136	191543	39529	84077	99168	116672	130742	151137	184970	212773	247966	3510	120	239728	20075	48896	57530	68224	95805	147278	190047	207573	219745	129	119
223476	14034	32381	39679	49783	71043	114809	169712	199404	216927	126	120	211667	12105	23516	34366	55278	94035	160757	185272	194237	199720	3410	111	217993	11364	26365	31867	41096	62085	104626	156979	179424	192561	3424	111	194344	16050	51930	68409	87913	103306	123430	166054	201409	240340	3488	121	212680	12101	31244	43732	56709	77461	120009	166944	189598	209362	3364	114	242112	13312	39256	53314	66830	89831	138009	183821	203182	216223	3424	131	195914	39999	83764	99615	116657	129258	151273	184932	213564	248075	3663	132	243074	20500	50546	58177	69395	97796	149516	193426	211004	223101	141	132
237559	14348	33721	40449	51077	72271	116010	172766	202946	235420	126	110	215159	12229	23969	35181	56073	95573	164276	189485	197019	202893	3578	120	218851	12102	27386	32870	42334	63694	105872	158633	182360	197257	3662	120	197271	16796	53130	70209	88816	103592	125980	167566	204470	246238	3555	117	217625	12563	32730	44938	57814	78795	120776	170285	194943	211799	3571	112	247881	13619	40734	54497	68968	90966	141248	186050	206345	218771	3623	119	196857	40448	83950	99227	117202	130275	151172	184177	214340	251253	3835	132	249041	21101	50955	60039	70233	98765	150731	195177	214406	238172	119	130
238960	15069	34527	41359	51627	72957	117379	176711	207768	240207	121	116	219982	12720	24451	35788	57353	96541	165842	192347	200399	205772	3707	112	222613	12419	28091	33608	43250	65161	106280	161531	184618	197148	3751	123	199877	17486	53338	69616	89836	105280	125591	168406	206330	251279	3750	126	220631	13033	33651	45935	58652	79534	122427	172156	199107	216935	3689	123	251538	14073	42248	56515	69275	92392	142595	190626	208900	220589	3873	118	199258	40884	84434	100510	117664	130260	152031	185694	216893	252800	4069	125	255684	21473	52553	60307	70893	99628	151587	197064	218185	240383	138	105
245571	15427	35515	42001	52391	73491	118686	176328	211543	247523	114	112	220211	13028	24922	36210	57999	97359	166640	193674	203000	206749	3970	108	236899	12692	28912	34503	43567	65282	107865	160358	185425	200358	3905	122	201281	17796	54416	70749	90077	105393	128318	167866	208730	252078	3972	121	235118	13503	34482	46379	59917	80083	124388	173235	201177	230060	3865	133	255838	14655	42975	57110	71440	92857	143536	190935	212637	233313	3992	133	202440	41546	83283	99480	116330	129876	151362	186893	216321	256155	4294	123	259397	22473	52817	61463	71562	100553	153934	198904	221996	244557	144	115
243638	16319	36326	43049	53537	74169	119914	178273	214579	251371	136	113	222538	12973	25795	36840	58796	99108	169633	195682	204402	212230	4089	123	239370	13161	29576	34918	44191	65871	109326	162971	186670	200746	4091	116	201159	18458	55101	70346	90348	106337	127404	167925	207118	253575	4158	113	234484	13903	35228	47093	59978	81885	123778	173498	202326	233854	4031	113	260487	15293	44184	58120	72240	96059	145629	194823	214783	234267	4123	132	204176	41917	84450	99668	116353	129887	150411	184622	216343	256717	4459	122	264499	22629	53749	61702	72636	102619	154747	202208	232787	250138	128	108
253371	16594	36755	43335	53951	73892	119779	182235	219181	258341	110	127	235987	13504	26282	37414	59289	99125	171047	196270	206339	211129	4304	129	243897	13793	30739	36077	45068	66879	109543	164377	187952	203878	4295	122	206650	19137	55106	71061	91907	107339	128233	167704	208347	256612	4295	120	239662	14262	35993	47942	60126	82387	124522	175215	204222	238845	4232	126	263058	15369	45293	58843	72062	96384	146696	195470	214460	238753	4355	142	207683	42170	84321	99760	116734	129257	149020	184874	220259	262111	4628	139	268241	22956	55098	63046	73208	102405	155541	203223	236691	251540	125	110
259801	17264	37190	43991	54080	75253	121617	183396	221400	263457	123	114	237279	13966	26964	37850	59446	101484	172588	200331	208350	215773	4570	113	248177	14328	31203	36633	45574	67076	110445	166035	192552	205911	4587	116	207086	19606	55997	72288	92710	108967	129470	168181	210609	258956	4480	111	242654	14953	36527	48547	61470	83147	126395	177745	207729	243688	4402	129	268950	16029	46232	59994	73405	97683	147513	195872	219006	241094	4535	132	210537	42820	84096	99033	116367	129904	149804	186708	219839	262950	4939	122	274417	23648	55783	63509	73853	103047	156679	204573	239005	254994	137	118
264534	17616	38273	44766	54386	76141	121611	184247	235591	270659	120	127	238756	14278	27567	38383	60740	102367	174796	201766	209876	216314	4622	111	250587	14793	31841	37299	46261	68912	111573	167910	194450	210460	4653	139	211595	20565	56542	73519	93722	109580	129533	169485	213759	264049	4690	132	247086	15586	36873	49292	62357	84053	127687	178546	210846	248544	4624	132	271425	16667	47428	61023	75096	98925	150945	197358	220535	242883	4721	129	215259	43777	84590	100268	117411	130442	151649	187828	232388	267514	5213	129	280108	24396	56668	64887	74997	105172	159549	209535	243657	261705	126	110
267630	18460	38647	45086	55339	76367	121488	185593	240025	272630	119	131	241159	14603	27695	38646	61555	102830	176030	205334	212471	220112	4875	121	253613	15260	32733	37914	46615	69312	113185	170000	196127	213127	4901	112	213722	20879	57118	73544	95532	110525	130232	170954	215180	268100	4852	113	249790	15975	38280	50057	62144	84394	128927	178965	214370	253559	4830	132	276709	17226	48273	62218	76591	100656	151748	200583	226413	247637	4994	134	218645	44091	85222	100038	116910	130332	152196	188669	234468	268868	5431	122	283868	25275	57680	65563	75841	107651	162256	211082	248395	265664	126	123
271474	19058	39271	45741	55820	77750	122880	187670	241553	277451	128	107	245385	14715	28737	39492	61995	103356	178865	209078	215075	224822	4949	115	259479	15774	33543	38395	47465	69971	113506	169704	197880	214340	4952	118	218442	21682	58284	75195	95862	111527	132513	172504	219226	272884	5039	111	253138	16597	38710	50634	63894	86482	130438	182689	216731	259056	4965	129	279437	17756	49341	63784	77795	102366	154285	204122	238943	252693	5207	123	223083	44669	84778	101014	117938	132471	151260	188249	226062	271728	5725	126	286447	25620	58341	66599	76940	107329	163748	215163	251337	269502	132	120
273583	19482	40029	46508	56152	77726	122608	186947	244435	281047	137	120	248081	15292	29146	40527	63012	105301	180666	212280	217984	236683	5220	116	262740	16292	34231	39377	47957	70640	114990	172780	202094	227587	5338	114	220607	22274	58809	75608	96839	113219	133436	173641	220106	278987	5230	134	254164	16937	39211	51268	64753	88077	132446	184274	220058	263423	5172	117	281170	18382	50589	64917	78117	103606	155567	205622	241071	257761	5420	125	234356	45420	86309	100366	118524	131263	152426	190592	239510	275037	6042	141	294808	26133	58919	67276	77551	108293	165299	216309	255352	274544	139	119
280062	20060	40612	46989	56713	77766	124177	189610	245801	283985	122	135	251857	15678	29685	40811	63159	105101	182359	214270	223030	240919	5407	108	264723	16781	35009	39803	48960	71493	114969	171174	202565	222531	5444	117	236903	22901	60171	75537	96833	113564	134970	175245	232697	282494	5409	108	257338	17798	39808	52425	64859	88006	132730	184996	233679	266028	5533	126	283410	18664	51466	65644	78762	105290	156329	207695	242008	260022	5596	133	238685	45465	85814	101026	118715	132154	152145	190170	239973	277156	6207	132	297629	26754	59612	67919	78501	109956	166045	217638	258939	279120	132	124
284764	20776	41372	47555	57760	78516	124536	189401	248430	288718	120	132	254983	16297	30356	40916	62939	105287	182379	216239	235649	242496	5671	132	265436	17342	35347	40409	49330	72095	116877	173437	206283	224046	5735	115	237032	23713	59874	76320	98594	114885	135027	175698	225078	285064	5735	129	261498	17798	40580	52811	65357	89734	134550	186632	234572	269245	5707	135	286132	19335	52327	65685	79738	106245	158690	209310	246864	264635	5941	125	240270	45624	86274	101306	118755	132431	152613	191104	240242	281106	6410	138	300054	27293	60627	68597	78911	111492	167962	221671	261018	281097	116	121
288753	21334	41998	47912	58107	79110	126513	190446	250264	291731	120	116	257092	16605	30670	41492	63612	106305	182911	219312	238725	247236	5868	115	269229	17894	36291	40888	49297	72641	116936	175305	209405	236786	5890	127	241110	24527	60874	76677	98152	114431	136752	178014	236305	289026	5911	128	263534	18501	41053	53533	66199	90278	135052	187827	234042	271853	5920	129	291308	19980	53152	66496	80850	107206	159186	211952	252268	268842	6068	120	243753	45889	86327	101590	119409	131838	152379	190423	240225	281211	6621	141	308627	28135	61908	68890	79924	111854	169617	221122	264718	283962	137	119
294416	22256	42708	48721	58774	80147	127072	191818	255244	296448	134	121	258626	17009	30761	41719	63624	106846	185409	222719	240122	252095	6178	119	273534	18025	36839	41231	50126	72786	118484	176532	211451	243042	6129	117	242321	25224	61261	77343	99030	116334	137186	177163	239878	293914	6137	136	267084	19049	41856	53996	66354	91359	136409	190561	237573	275475	6138	129	294316	20131	53542	67845	82077	107732	162544	216307	255580	273744	6254	132	248208	46448	86353	102155	119655	132055	152944	192377	243147	282046	6877	142	313516	28410	61966	69687	80248	112994	170601	233350	267396	288633	135	127
300626	22459	42991	49272	58509	81001	128048	195369	258885	302767	122	116	261441	17390	31123	41944	64051	108109	186820	233929	245346	256286	6431	120	276387	18919	37065	42165	50310	73900	119039	178163	213922	246213	6364	122	245098	25847	61927	77485	99440	115286	137504	179485	241944	297595	6315	104	271783	19616	42171	54735	66859	91270	138762	190912	240256	279721	6347	128	299982	21069	54031	68324	82579	108533	162081	216944	258099	279225	6484	129	251428	46882	87349	102239	119703	132921	152315	191976	243911	287258	7127	148	319081	28894	62168	70062	81247	113802	174567	236108	268636	288946	129	120
306881	23174	43353	49325	59611	82046	129765	196980	261375	307709	113	122	267570	17978	31798	42543	64606	108580	188976	237981	248462	261308	6662	125	281068	19268	38420	42221	51301	74609	121210	180127	217777	251183	6612	124	245790	26252	62092	78924	100999	117323	138735	179721	245143	301217	6555	124	274955	20248	42767	55019	68547	91936	138852	192552	243213	283187	6676	124	304092	21592	55531	68179	83234	111200	164911	218305	262702	283923	6757	136	255974	47049	87376	101628	119613	132095	152371	191154	245405	289489	7406	126	320705	29382	63602	71039	82066	115843	176016	237699	270458	292813	131	127
311049	23499	44959	51085	61062	82495	130709	200707	265797	315337	140	126	272025	18077	32113	42811	64900	107797	191123	242799	253410	267223	6859	113	285367	20076	38421	43632	52165	74931	122535	182340	221874	253453	6815	121	250186	26881	62905	79086	100863	118002	138623	180719	246583	303097	6588	126	278173	20627	43864	55057	68512	93474	140766	196914	247150	288893	6766	123	306539	22127	55599	69576	83230	111292	165473	221259	266091	288085	7083	115	259043	47814	87606	101606	118409	131314	150481	192553	245049	289374	7665	135	324145	29897	63940	71519	82836	116674	177231	241795	277092	297548	132	126
317123	24305	45163	51555	60980	83366	131761	199752	270481	318715	129	131	274862	18507	32534	43377	66094	109945	193399	246619	258889	269568	7110	112	289491	20516	39375	44002	51971	76352	123548	181928	234217	259543	7088	122	255178	27348	63421	80147	100912	118090	140109	180982	246089	302890	7007	119	284211	21422	43889	55493	69550	94034	141868	197194	250730	290502	7135	116	310665	22899	56738	70826	84832	113755	167941	225743	272764	292957	7327	126	261474	47840	88635	101827	118597	129748	151523	190608	245966	291474	7968	146	331178	30557	65150	72632	83266	117713	178624	242273	276181	299911	154	131
318444	24889	46232	51952	61876	83697	132382	203354	274420	322449	124	133	278390	18998	32889	43769	66443	111148	194096	249430	262335	273232	7336	123	297069	20908	39603	44609	52829	76259	124804	184312	237116	263705	7279	116	256636	27961	63939	79491	101845	118816	142078	180745	248098	308774	7197	124	287538	21580	44451	56445	69708	94755	144070	198232	252213	295690	7179	137	308873	23287	57400	71361	85353	115143	170265	236075	275085	299776	7617	133	264683	48012	88541	101229	117170	130227	151427	190957	247154	292530	8305	134	334032	30757	65825	73937	84312	117661	180061	244730	279347	301319	133	133
322253	25462	46810	52755	63036	85134	134795	205562	276758	325283	135	133	284148	19493	33483	44391	66776	111859	195289	253429	264857	279819	7553	117	297286	21709	40635	45147	53780	77349	125908	187725	236655	266737	7549	124	259947	28551	64739	79583	102609	119779	142183	183252	248011	309717	7514	136	289664	22076	45333	57334	70399	95861	143233	199613	254483	296645	7511	123	312884	23844	58040	71730	86212	116011	172456	238544	275437	302787	7860	141	265471	49109	89326	101849	117786	129932	151421	192707	246857	294348	8544	134	338058	31520	66539	73747	84831	118937	182109	247673	285103	306742	137	135
329627	25714	47191	53172	63455	84464	134831	208170	279324	330848	132	112	288309	20014	33772	44385	67290	112250	197596	255754	270266	282678	7730	127	304482	21913	41522	45389	53330	77941	125915	191091	241037	270335	7737	111	263487	29032	65242	80946	103920	121093	143472	182880	250372	315012	7598	119	295514	22606	45514	57754	70548	95628	143324	199869	257517	300742	7814	125	319499	24522	59287	73347	88051	117335	175032	242840	280322	307891	8040	129	271162	49094	89441	101108	117114	130926	151672	192697	250367	295983	8759	144	339353	32071	67576	74876	85366	119379	182607	249138	287315	308908	125	130
336406	26258	47523	53985	63724	86261	134760	206543	283929	331447	124	130	291131	20366	34479	44957	67897	114270	199320	257642	273387	287089	7954	136	306772	22560	41474	45688	53781	77904	127940	189458	243538	273984	8113	120	264508	29884	66230	81920	104792	120830	143005	182524	250511	314481	7846	119	297238	23203	46035	58253	71175	95833	145585	200681	256984	302064	7995	128	319345	25027	59968	74098	88818	118722	176964	243445	283713	310749	8237	133	271730	49177	89525	101160	117404	129482	151345	191110	248668	295537	9062	144	341553	32592	67355	75337	85505	119570	183242	249556	288570	314020	136	125
337418	26991	48840	54852	63760	86226	135659	207496	282209	331600	122	128	291936	20520	34730	45225	68086	114187	200581	259023	275807	289051	8196	116	311129	23065	42086	45936	54718	78501	128334	190791	245160	276245	8058	136	267554	30369	66789	81977	104577	121018	143370	182126	251661	318046	8135	126	299237	23774	46603	58524	71549	96385	143789	200717	258922	304401	8277	118	321040	25783	60283	74052	89752	118991	175750	246147	286953	314388	8465	131	273049	49944	89631	100733	117290	129183	150277	191770	250633	299380	9400	143	345907	33396	67944	74758	85502	119763	183129	250984	290301	316977	131	138
341932	27371	49255	54962	63219	85091	135972	209226	282951	338987	122	129	293669	21263	35225	45292	68118	114001	200914	262227	278177	288361	8356	124	311559	23855	42361	46412	54535	78758	128683	191828	245818	277669	8530	126	266940	30722	66769	82677	105771	122720	144577	181293	251305	317938	8286	133	302385	23915	46246	58366	71835	96421	144612	201387	259439	304947	8394	120	321458	26436	60911	74252	89297	120324	178196	245658	286686	317105	8842	140	276711	50003	88524	100896	116738	127968	150979	192640	250868	298496	9643	157	346839	33719	68376	75096	85876	120750	185642	253782	294172	316613	135	137
342174	27914	49437	54982	63574	85706	135885	206990	285046	335957	132	128	297117	21609	35527	45719	68337	114701	202195	262036	280027	290093	8679	129	313744	23963	42900	46876	55177	79534	128925	192591	247323	277114	8459	138	272392	31190	67535	83364	106189	121824	144922	183359	251810	318975	8523	115	303200	24504	46466	58699	71177	95727	144488	201368	259300	306474	8677	131	318179	26657	61786	75046	89757	119663	177377	245870	284975	314932	9046	134	277227	50681	87360	101353	115778	128473	149386	190999	250249	302353	9807	142	346659	34052	68499	75191	85353	119894	182996	250801	292233	318768	129	129
337667	28696	49799	55211	64343	85516	134114	206430	283120	336069	142	132	297104	21534	35307	45831	68638	114012	201118	261594	279703	293881	8833	127	315670	24291	43262	47104	54442	79066	127382	191547	245811	278246	8874	133	272177	31738	67672	83917	108129	124006	144867	182346	252763	322944	8701	150	303773	24537	47269	58217	70294	95998	143512	199990	257128	303342	9019	132	316901	27433	61489	75350	88821	118388	175946	244917	287073	314487	9179	145	276691	50360	88003	100869	116034	127561	148785	191525	251836	303892	10015	144	346952	34251	68805	74765	84718	118060	183174	253085	293972	321082	129	122
339396	28573	50029	55846	64908	85743	134374	205664	282768	337012	128	127	298001	22143	35416	46257	68417	111725	199440	265340	280481	292923	9125	115	317409	24756	43721	47484	54732	78249	127982	192071	246120	275375	9062	115	271022	31921	66594	83836	107514	122611	145288	184392	253344	323166	9084	122	303070	25175	47632	58569	70560	95307	144787	199132	258116	304823	9158	124	316881	27312	61970	74706	88860	117159	176162	244962	287963	319729	9309	116	280805	50600	88116	100843	116596	127834	149428	192451	251569	303327	10294	127	347339	34377	68425	74824	85414	119845	183328	254177	297351	323426	134	111
346187	29008	50752	55767	65403	86462	134247	204842	285186	339228	118	134	300473	22702	35891	46289	68841	113925	202842	264145	283392	295836	9214	134	316450	25302	43781	47238	54957	78884	128786	191801	247115	280402	9257	123	275197	32431	67786	85575	108549	123177	145352	182029	254450	326292	9294	135	304235	25560	48107	58679	70144	95070	145924	200319	257314	306630	9373	135	317261	27905	61835	75363	88944	118239	175413	245101	290033	320069	9633	150	283675	51084	87284	100845	115951	127339	149109	192350	252345	304707	10531	148	349465	34753	68952	75671	85392	120360	184046	255367	297398	324742	142	132
351882	29548	51209	56729	65118	86288	135619	207114	284554	340542	144	136	302541	22789	36103	46451	68994	113674	201862	264950	284890	296951	9492	126	318180	25783	44691	47946	55276	78561	128499	191506	246840	281761	9599	130	276285	32606	67909	86323	108721	123527	145880	182271	254774	325437	9650	119	304165	25746	48150	58619	70947	95129	144598	198986	257396	306129	9660	116	316594	28730	62301	74607	89106	118982	176298	245314	290913	322043	9940	135	284577	51258	88475	100741	115030	126715	147118	191903	252910	307108	10941	138	352447	35175	69395	75424	85631	119557	184516	255767	299068	327403	156	137
354687	30106	52264	57771	65968	87288	135495	208127	284864	342261	121	118	303682	22825	36505	47157	68858	113449	202403	267364	286291	300325	9650	134	320429	26005	44967	48411	55537	78961	128088	192801	250758	283807	9651	122	276351	33315	69072	87020	108769	124299	145668	181704	255108	325297	9579	135	307918	26327	48539	58712	70575	95880	144871	199215	258406	307388	9932	133	321418	28985	62771	75553	89234	119016	178669	249406	291124	324520	10233	143	283904	51840	89095	101009	115025	126410	146542	189912	253166	307718	11034	143	356491	35315	70172	76280	86158	120664	185168	253569	302503	328750	141	138
361029	30830	53076	58071	66104	87939	136125	208092	287488	344653	138	127	306710	23184	36614	47116	69605	114598	204378	270266	288701	301412	10103	146	321470	26650	45560	48344	55581	78837	129003	194128	252451	285481	10059	136	280253	33833	69454	87593	109623	122937	145912	182404	254647	328396	10003	130	308330	26753	49137	59358	71203	96098	144323	197732	257544	310807	10256	131	322501	29820	63172	76314	89792	119184	178432	247722	291881	323931	10526	129	289646	52014	89227	100773	114112	126740	146334	190869	255293	309373	11313	136	358044	36307	70766	76370	85582	120862	184809	257098	301641	330774	133	129
360756	31426	53500	58500	66243	87447	137659	208800	289336	344716	132	129	310312	23661	36947	47479	69900	114725	203523	272816	290134	305169	10295	138	325434	27177	45575	49060	55708	79212	129087	194012	252357	288478	10192	112	282705	34286	70460	88518	110292	123926	146082	182745	253938	327762	10102	115	311869	27123	49259	59466	71368	95343	145641	198120	257692	311516	10326	141	327861	29941	64221	76190	89927	119916	178275	249069	295409	331119	10518	133	290758	52789	89112	99850	113585	125133	146345	189125	253660	308082	11787	155	362248	36630	71251	77345	85828	121089	186035	256803	304620	328142	136	129
367871	31899	54613	59460	67189	87583	137816	208784	287443	350923	136	121	315394	24373	37394	47574	70570	115020	206552	272455	293906	308546	10454	145	328120	27875	46189	49395	55707	79652	129262	192910	252785	291071	10418	138	285774	34783	71799	88787	110432	124067	146100	181940	258043	330658	10211	128	311916	27641	50265	60170	71733	96110	144966	198575	259909	312013	10632	127	329472	30517	64437	77056	90333	120828	178961	250260	296448	331199	10907	134	293111	53456	89237	100130	113576	125414	145690	189191	255133	308525	11944	139	365058	37562	71032	76915	87295	121546	185551	257578	304313	333436	127	125
370753	32258	55004	59826	67441	88275	138678	208028	291759	350091	128	121	315664	24778	37665	48111	70043	115009	204970	276463	295058	310813	10758	116	328584	28035	47055	49510	55770	79117	128536	194011	254896	291963	10629	144	289207	35501	72148	89710	109025	124419	146185	182836	255631	330812	10586	140	313724	27813	49546	60381	71917	97260	145772	200490	260148	314566	10747	130	334162	31107	66343	76978	90256	120014	178838	250687	297660	332520	11192	127	297648	53997	88826	100245	113335	125182	145586	188724	255274	310654	12090	143	368010	37883	72146	77660	86999	122790	186958	258039	306440	334186	124	137
372942	32887	55453	60789	67633	89519	138344	211998	294276	355104	139	133	320236	25177	38257	48474	70289	116377	207186	279934	297804	313429	10915	122	333996	28468	47401	49441	56030	79348	128848	193586	255481	294607	10842	120	290642	35747	73422	89918	109793	126011	145555	180550	255491	331191	10894	124	315702	28264	49934	61211	72597	97144	146836	199326	261329	315865	11067	125	338594	30958	65692	77056	90334	120143	180140	250540	298918	333448	11466	133	298614	54047	90175	101604	113194	123967	145280	188661	255055	310334	12353	141	370482	38150	73334	77560	87653	122899	186339	257288	306551	335517	135	135
376249	33052	56281	60498	67756	88363	139269	211027	296101	356037	123	127	325582	25593	38241	49241	70962	116066	206297	278214	300023	314687	11172	134	337143	28646	47626	49781	56682	79799	129548	194291	257604	296738	10987	124	294017	36448	74242	90702	110694	125251	146424	180260	257262	330340	11124	138	320890	28780	50173	61236	72365	97102	147595	200141	262158	313534	11322	143	340378	31532	65869	77752	91157	121517	180379	252805	300009	336854	11628	137	301003	54674	89862	100662	112313	124393	144402	187879	254908	310374	12576	143	375290	38814	72762	78795	88010	123025	187532	261023	309323	335863	138	144
379285	33609	56315	61517	67402	88658	138428	210505	295788	354673	137	134	323885	25914	38958	48992	70088	115695	207634	280177	303047	316775	11361	132	337703	29341	47868	50050	55795	79679	130299	194371	258196	296908	11348	129	294742	36735	74541	90429	110729	125703	146485	181301	256441	332134	11098	138	322314	29020	50722	61858	72941	97054	148219	200276	260915	317737	11407	133	342106	31912	66561	77779	91654	120955	180207	251304	300603	338124	11809	142	304199	55579	89925	99621	113486	123947	144760	187198	255217	308960	12976	148	376581	39201	73183	78319	87721	121547	188715	259772	309495	337309	135	145
380734	33991	57434	61342	68349	88994	139767	209825	296601	356426	130	135	325907	26341	39181	48655	70805	115318	205481	281344	300427	316318	11417	126	339097	29811	48492	50679	57070	80095	129454	193682	260408	297130	11481	130	295363	37265	75277	91194	110789	125515	146939	183127	257096	332072	11667	118	327184	29173	50984	62164	72799	97685	147622	198887	258907	318446	11735	135	348773	32151	66500	78742	91067	120782	181364	250610	302009	340354	11976	126	307079	56164	89428	100157	112311	122717	144194	187129	254517	309398	12970	158	381966	40006	73400	79186	88132	123530	188695	259272	308975	340569	151	128
382251	34569	57957	62196	68620	89034	139092	212048	296549	358984	125	130	325461	26725	38990	48863	70032	115466	206352	278935	301694	317530	11733	125	340532	30182	48112	50897	56805	80796	130540	192547	259744	298492	11653	127	293070	37826	75066	92266	111390	127475	146908	181868	252262	332600	11561	126	329140	29670	51203	62412	72937	97338	147633	198592	262095	314026	12027	135	350996	32529	66991	78541	91745	121394	182670	251467	302735	339923	12282	143	304166	57122	90697	99899	112246	123510	142094	187152	253100	309235	13397	145	385163	39816	74606	78726	88786	124271	188123	259506	308574	340918	150	142
386769	35023	58310	62306	68665	89500	140041	211256	297696	360669	142	141	324751	26575	39137	48772	70481	114462	204492	282277	302470	320717	11874	132	346756	30430	48140	50799	57416	80320	130822	193754	259023	299947	11937	127	293818	38219	76388	92625	111560	125704	146551	181401	253667	328880	11918	141	325734	29808	51688	62194	73598	97983	148683	199404	260380	317721	12073	131	353926	33030	66612	77922	92530	122542	181198	252168	305165	342580	12297	133	301634	56705	90144	99919	111779	121915	142818	186113	251199	310760	13643	146	385541	40281	74419	80031	89565	124178	189437	259040	307801	342713	144	134
387161	35342	58773	62474	69504	90443	140239	209598	297360	359775	133	136	323897	27223	39484	48580	70425	113457	202792	281691	305222	323350	12056	142	348354	30909	48494	51314	57182	79822	130613	192912	259156	301242	12045	132	295312	38549	76582	91889	111639	126523	146996	180784	254935	330867	11983	137	328688	30315	52109	62994	73042	98100	147889	198364	260888	317999	12173	132	357060	33049	66424	79202	92729	122451	182794	252543	303920	340696	12738	138	304803	57359	90140	99208	111549	122168	143238	184620	253675	309267	13650	147	390019	40705	74821	79671	89368	124881	187355	258294	311436	338491	137	132
392679	36121	59470	63497	69956	89237	141109	211811	299168	361057	129	116	323640	27531	39630	48987	70347	113294	202682	283567	306301	324071	12167	131	350453	31197	48779	51757	57710	80679	131344	192290	261975	302016	12399	137	295261	38688	76702	93133	112324	125631	147105	181422	255122	329754	12196	136	334224	30627	52262	63060	74300	98143	147951	199109	262203	319246	12290	126	360796	33094	66507	79577	93995	122240	180907	250565	301900	343513	12758	122	304072	57715	90379	100052	112264	122271	142506	184970	253347	308055	13840	160	391400	40589	75080	79905	89797	125048	187335	258248	308442	341662	137	128
389525	36266	59823	63672	69997	90678	141256	212672	300377	365024	137	120	326763	27982	39508	49166	70749	112208	201524	284656	308824	325334	12368	133	355688	31821	49101	51654	57553	81014	131715	193216	260223	304940	12459	144	296444	39528	77852	93329	111657	126935	146704	180346	254879	330575	12514	136	338720	31152	52970	63744	74295	98701	149005	199077	261407	320074	12463	132	361820	33721	66717	79888	92977	122292	183063	252291	305082	344953	13013	139	305147	58529	89855	99462	111466	122627	143479	184933	252776	310098	14418	149	394661	41780	75235	80633	89861	124021	188609	258706	309717	340748	147	121
396055	36811	60537	63925	70001	91288	141687	213830	300247	365277	135	135	329365	28161	39951	49382	70858	113807	202099	284930	311541	328853	12738	123	358129	32347	49575	52064	58162	81026	132519	194987	263204	305263	12715	132	298412	40227	78170	94178	111912	126171	146583	180109	254284	328499	12586	136	340243	31218	53073	63667	74464	98053	148973	199643	260522	321621	12774	143	366987	34323	67617	80471	93806	123104	182053	252329	306283	346426	13189	139	307900	58675	90292	99632	111473	123155	141863	184302	252810	308261	14446	160	394160	41679	76398	80681	90730	124353	190325	258928	309992	342630	142	144
401918	37552	61191	64758	69822	91027	141008	212820	304422	367234	139	137	333651	28520	39981	49744	71374	114573	202077	287071	313959	331015	12759	135	362410	32666	49574	52456	58617	81444	132567	193343	263624	307347	12717	136	299425	40849	78729	94446	112928	126929	146590	180659	253685	330027	12783	135	346516	31437	53633	64181	74004	98629	149318	199067	259857	318595	12963	139	368222	34403	68443	80663	94334	123009	182482	250103	307502	348627	13314	147	313484	59076	90319	100110	111641	121783	141536	184141	251501	310630	14610	153	399173	42283	76372	80709	89759	124876	188852	260899	312790	342708	136	132
403739	38269	61716	65029	70184	91094	142376	213212	302576	366720	135	137	335488	28872	40102	50113	71540	114411	203890	289490	315706	334735	13124	123	366251	33682	50313	52872	58616	82483	132915	193125	264700	307334	13027	128	303447	41769	79848	95532	113128	126779	146574	180657	254502	332813	12929	128	348957	32018	54199	64668	74474	98977	150730	200116	263002	323408	13227	118	376488	35126	67726	81303	94496	123859	182838	249891	304911	347341	13493	137	315412	60112	90668	99072	111017	123005	142222	185626	252172	311299	14871	146	402904	42541	76830	81181	91341	125566	190291	261258	311652	345153	145	149
406997	39000	61830	65194	70408	92041	143090	214023	302864	371552	132	149	341068	29265	40370	50028	71985	114317	203676	290049	317614	337376	13053	136	370215	33990	50045	53701	59294	82385	134249	193630	265271	308904	13211	130	307219	42577	79661	94875	113389	127678	146998	179914	256450	332431	13085	139	347051	32851	54017	64922	75037	99775	151690	199078	261842	321250	13374	137	378575	35264	68816	81955	95060	124418	182834	250791	305318	348405	13716	141	315607	60500	90737	99893	111612	122393	142163	184546	251457	307921	14876	138	402702	42926	77303	81724	90746	127616	190919	259884	310362	346206	146	121
408600	38987	62002	65088	70544	91867	142667	215275	306901	371925	138	132	341688	30117	40713	50629	71147	114433	202331	290016	318880	337288	13352	136	373946	34166	50675	53145	59756	83145	133268	193378	263099	308371	13366	128	310388	42907	80702	96040	113800	127312	146756	179899	254434	329916	13240	124	351044	32752	54631	65046	75608	99954	149517	198839	262778	323210	13448	123	382041	35917	69183	81666	94132	125280	183160	251751	303064	349597	14099	146	321540	60531	90515	99670	111365	121927	141412	184704	251910	308511	15329	157	408999	43766	77291	81748	91373	126515	190598	260755	313411	345835	139	143
413321	39551	62538	65992	70995	92313	142843	214346	307204	373593	146	118	345970	30238	41142	50841	72220	114367	204743	293572	322412	338093	13384	130	378214	35006	51516	53895	60008	83523	134561	194015	265341	311313	13525	137	312848	44121	81320	95581	113878	127266	146321	181481	254881	331073	13305	134	355764	33391	54865	65387	75471	100660	151512	199534	262240	322657	13687	135	387883	36212	70568	82688	95937	125462	184405	254925	307230	352565	13942	140	325383	60882	90492	100878	111442	121956	140959	184509	250982	310325	15373	170	409089	43672	77797	82111	90623	128243	190516	260400	313275	345982	155	142
415832	40130	63563	66244	71108	93004	144805	214842	310120	378068	136	136	347903	30709	41223	51110	72634	114888	205162	294458	323403	341797	13694	117	378396	35343	51882	54087	59845	84026	135851	194587	266816	312825	13681	138	315248	44372	82166	96229	113590	127247	146386	181772	252494	330459	13511	141	357212	33624	55751	65790	75985	100246	150749	199547	263985	325528	13664	144	391303	37019	70661	83102	96849	126234	184736	252412	309337	350214	14263	137	328102	60956	91647	100309	110738	122124	140745	184617	252296	311602	15671	152	415460	44237	78243	81735	92233	127881	190313	260611	313581	348281	152	147
425350	40769	63701	66167	71585	93243	144352	216303	310870	379269	137	130	352827	31307	42172	51421	72405	116213	204478	297281	326496	344008	13552	123	383780	35726	52076	54210	60949	84583	135102	194540	264196	312028	13817	129	319215	45061	81904	96512	113695	127808	147296	179466	253397	331457	13694	131	362954	33690	55393	65439	76917	101425	151730	199849	263035	325118	13981	141	392118	37219	71137	83369	95903	126440	185838	251219	307798	352970	14370	149	328037	61230	91170	99399	111541	121310	141861	184518	252091	311521	15785	151	417461	44616	77913	81937	91890	128241	192049	261390	313977	347311	144	119
422194	40947	63941	66381	72251	93002	145206	218651	311592	376637	133	128	357521	31712	41517	52324	73601	115848	206039	301222	327184	346965	13986	125	386414	36129	52195	54713	60488	85062	136865	194699	265572	311311	13869	134	320232	45643	82888	96526	114472	127022	146001	181176	253820	330492	13813	136	364020	34487	56315	65683	75513	101257	151953	200733	261881	325993	14193	155	397552	37216	71766	83511	97318	127277	186853	254141	310504	354028	14542	146	332320	62249	91666	100005	110898	122260	140154	184014	251690	309729	15937	154	423182	44912	78589	82599	92137	129026	193238	262511	313661	348503	141	149
422896	41266	64345	67163	72538	93742	145264	215498	310857	379904	134	140	358603	32066	42317	51880	73048	116646	205244	301165	330281	349389	14000	120	389562	36401	52830	55182	61505	85876	136577	196713	266011	312832	13927	129	322366	45944	83284	96806	113670	127665	145998	180134	253134	329932	14079	143	368554	34193	56239	65570	76603	102100	151606	198843	262708	323721	14108	121	398643	38212	71926	84491	98390	127491	187709	249997	308483	354066	14814	135	335422	61654	90694	100350	111233	122259	141588	185513	251543	309988	16283	155	421861	45016	78679	82647	92526	129572	192034	261171	314761	351232	135	143
427677	41908	64416	66911	72728	93582	145776	216431	310133	379443	155	144	359938	32539	42609	52553	73290	115737	206085	300235	333910	351600	14258	114	390923	37247	52955	54956	61256	86202	137504	194365	266980	314836	14141	140	324428	45418	83103	97522	114253	126481	146330	181339	252574	331449	14145	157	367861	34426	56506	66245	76619	102524	152052	199091	263879	325491	14569	155	400052	37553	71639	84404	97765	127950	185866	250574	309195	357454	14871	151	335513	62988	91939	99532	110737	121285	140458	184365	252659	309424	16431	161	424158	45251	79446	82830	92107	130260	192057	261497	313659	349310	142	126
430479	41783	64361	67338	72291	93590	146046	216643	313639	379153	142	146	365100	32348	42850	52216	73579	115910	204198	303414	332951	351919	14291	142	395008	37108	53006	55407	61403	85587	137940	194625	266116	315916	14166	136	326763	46245	84479	97150	112832	126846	146895	180645	252956	331358	14241	131	370563	34654	56676	67187	76715	102015	152769	200363	263734	324474	14789	144	402179	37206	72334	84216	98006	128304	187184	251856	309546	354168	14875	144	337717	62613	91577	99423	111087	121352	141143	184073	252074	309165	16521	154	425743	45680	79321	82929	92316	129766	192514	263605	313032	349125	144	130
423840	42373	65266	67825	72510	93624	146034	219559	310864	383061	139	131	366346	32600	42540	52337	74232	116090	205251	302151	335187	354793	14396	141	397357	37443	53707	55829	61480	87066	137692	194734	265882	314813	14501	160	331131	46713	84294	97109	114285	126954	147513	180704	252711	328453	14390	136	375546	34838	57031	67212	76150	101895	151498	197906	263694	324056	14919	132	406031	38141	71767	85324	98160	129261	186742	252076	307566	355437	15134	145	340569	63042	91803	99821	111177	120937	139230	184333	252151	307922	16796	157	427007	46173	79295	83356	92600	130707	192868	262257	315076	348624	162	153
438976	42860	65224	67769	73119	94995	146148	216518	312404	383711	141	134	368907	32963	43040	52593	74583	116260	205435	305240	337152	357875	14556	122	400279	38059	53394	55582	62592	87049	137141	195270	267910	315074	14592	127	335306	47701	83749	97338	114147	127174	146945	180319	252987	331278	14549	147	376722	35063	57238	67003	76984	102516	152574	199059	264923	325157	14874	145	410226	38236	72616	85131	98696	129385	186540	251351	308447	354868	15169	153	344394	63290	90731	99322	110628	120389	140621	184051	252419	308112	16747	156	426653	46355	79609	83276	93744	130888	192417	260505	310424	346100	155	128
437569	43111	65289	68656	73250	95406	145913	217704	313733	385453	136	132	372786	33450	43206	53517	73868	116692	206627	305940	339259	358206	14645	129	406452	38451	53907	56265	62465	87324	139699	195012	268329	314174	14861	138	333660	47495	84962	98352	114589	127066	147173	179538	251998	327550	14897	142	380355	35112	57223	67079	77090	102475	151808	199681	262086	324220	15338	144	409094	38846	72865	86342	98482	130297	187347	252532	309558	353323	15382	142	345253	63982	91866	100391	110053	121305	140470	183271	250132	308339	17126	158	430386	46264	79357	84258	92989	130463	193821	261954	313356	348383	144	148
440813	43621	65593	68491	73102	95302	148135	218577	314904	389255	138	149	375449	33313	43923	53494	74864	116480	206381	310260	341465	358963	14829	144	408064	38720	54281	56872	62556	88274	139125	194603	269636	317241	14887	144	339379	48703	85833	98209	114771	128129	146224	180124	252724	330197	14781	145	381184	35849	57912	67567	77279	102709	153052	198378	262767	326233	15210	141	414153	38896	73286	86309	99407	130571	187817	254233	310969	353812	15448	150	352263	63939	92320	100096	110438	120921	139589	182703	251841	309938	17390	169	431520	46529	80116	83592	92796	131291	194606	261056	314206	348835	148	133
436821	43703	66544	68107	73331	95639	147480	218347	315405	387105	127	154	379781	33709	43543	53317	74785	117585	207050	310583	344712	364819	14929	130	411898	38843	54666	56795	62373	88831	139947	195201	268297	317967	15150	136	342977	48603	85778	98406	115920	128926	146796	179911	253420	330999	15199	137	385688	35841	57902	67463	77368	101726	153207	198761	260802	326911	15484	147	415207	39415	73725	86640	99568	129829	188545	251369	309608	356771	15734	137	355093	64149	91624	99468	110241	121588	139819	184928	251140	309773	17347	159	432649	46888	81436	84012	93778	132077	194788	262403	313078	349663	145	140
444138	43709	66427	68982	73928	96275	147643	217779	316633	385480	152	140	384870	34215	44221	53931	75036	117471	208452	310033	347351	364804	15247	137	413945	39705	55386	56623	62461	88193	140032	196055	266425	317735	14960	139	346492	48726	85795	98418	115811	130040	147518	180108	251965	327970	15250	141	387687	35812	58705	68347	77662	103455	152418	198121	260971	326683	15335	142	417972	39472	73793	86749	99560	131253	189206	253804	309309	356923	15857	144	358840	64808	92168	100151	110293	122503	139502	183166	248977	306458	17615	144	438985	47643	81423	83993	93564	132571	195126	263715	311881	351924	152	137
448469	44561	67164	69303	74761	96612	148786	220994	316343	388364	140	135	387862	34361	44250	54077	75270	118301	209121	313068	344673	369036	15231	123	418570	39853	55304	57090	63215	88919	139609	196461	269325	316356	15247	146	348812	49545	86297	99306	116658	129786	147955	180497	254216	330196	15429	132	389155	36066	58392	67729	77769	104023	152786	199443	261504	327137	15676	127	417946	39964	74889	86752	101137	131963	190302	252764	308913	357191	16135	156	359032	64591	92682	100152	110164	121817	140672	183667	253141	310506	17796	169	440864	48064	80874	84166	93525	131344	194865	263634	315894	348318	153	148
446153	44514	66603	69726	74555	96807	149305	227540	319219	390223	140	138	392527	34786	44959	53935	75307	118348	208843	316701	350693	369586	15546	136	420777	40141	55993	57297	63061	89556	141066	196616	268085	318110	15373	138	353500	49652	86384	98375	116658	129485	147804	179643	253251	330432	15516	147	392944	36081	58668	68384	78754	105214	153628	198617	261491	327242	15527	145	423088	40057	75065	87035	100864	131014	191653	252790	308672	355656	16291	161	362797	64701	92324	99550	110684	121277	141852	182187	251650	306889	17894	143	439896	48193	79980	84266	94523	132705	195450	263764	312514	348281	151	162
454275	44801	67443	69957	75216	97024	148859	220140	317683	393572	141	138	396096	34521	44744	54452	75300	117474	210263	316785	352169	373561	15608	136	422841	40211	55153	57756	63980	90034	142243	195439	269193	318087	15729	151	355452	49843	86831	98909	116543	130128	147417	179703	252397	328818	15689	146	397446	36760	58819	67996	78279	104753	153865	200624	261393	326753	15952	149	422568	40143	75331	87689	101742	132517	189845	251718	308897	359314	16410	145	366409	65291	92414	100200	110544	121431	140080	182469	250635	306151	18116	161	437959	48693	81218	84577	94269	132313	195200	262509	315503	346949	160	140
459155	45642	67554	69858	75007	98056	149441	218785	318314	393373	144	142	396489	35069	45168	54385	76204	117452	210019	318293	352984	375190	15716	138	426037	40470	56199	57890	64456	90379	141967	195857	267836	318406	15620	153	361937	50554	86819	100183	116831	131026	147635	180392	253002	329649	15797	143	396793	36825	59032	67843	78403	105409	154694	199079	261794	325050	16274	147	423450	40738	75028	87501	101863	132496	189344	253780	309658	357266	16350	156	370399	65682	92396	99829	111050	120662	139580	180302	248466	308402	18214	151	440068	48512	81693	84394	95003	133833	196033	262241	315434	348145	144	148
456631	45314	68263	70545	75460	97973	149803	219272	316687	392379	146	128	398006	35267	45271	54942	76190	118191	210981	321720	355725	375335	15867	149	429822	40748	56536	58111	64517	90497	141661	196502	266341	318444	15771	129	361067	50794	87097	99195	118557	131337	148321	179961	253909	330154	15854	144	397068	37005	59220	68835	78667	105467	154746	198739	260525	324010	16198	125	420168	40994	75459	87566	101973	133546	190609	254395	308410	356757	16382	153	373502	65711	92033	99332	110151	121245	138128	180466	248554	305801	18319	170	443190	48561	81763	84602	94277	133611	196088	261268	313802	348589	153	156
460736	45699	68108	70386	75736	98652	150259	220995	320523	393070	137	136	402779	35128	45582	54933	76003	118904	210080	320500	357433	381305	15948	124	430180	40833	56151	58326	64976	90649	141586	195536	267300	317712	15959	157	363811	51102	87932	100044	118453	130602	149000	179249	251729	327655	15928	147	397089	37423	58999	68382	78780	105180	153227	198751	262225	322933	16408	134	424438	40954	75390	87718	101869	133447	189843	251339	309429	355828	16740	154	372980	66202	91987	99380	109853	121261	138899	178696	245452	304033	18540	162	442159	48550	81800	84809	95416	133461	195873	263382	311746	348870	152	132
459688	45906	68550	70759	75941	98630	151245	229475	317659	394360	139	152	407007	35326	45589	54807	76618	119030	211488	321087	360593	379659	16200	134	433705	40840	56424	58611	65457	92158	143250	196150	266931	318807	16048	140	366162	51760	87404	100708	118209	131112	148248	179298	250448	327229	16294	133	401136	37146	59466	68665	79201	105959	154405	198878	259941	323284	16455	138	426095	41050	76337	89120	102631	133506	192006	252805	306164	355024	16820	152	373016	65798	91455	99023	110589	120567	138383	178762	244951	302237	18737	168	443276	49295	81635	84590	95176	133420	195827	262250	309745	344355	147	144
458541	45796	68138	70652	76607	99327	149910	218736	318581	393691	140	131	409619	35577	45293	54860	76421	118278	209342	323141	363290	383067	16128	144	437271	41456	57077	58765	65518	91954	142214	196141	265554	316888	15978	149	368887	51499	87191	100521	119329	131140	146987	178461	250411	325666	16177	143	398970	37720	59664	68589	79597	105984	153176	199342	259828	324663	16564	135	426790	41397	75760	88763	102269	133347	190882	252175	307485	355956	16959	149	377761	66313	92204	100312	110947	120097	137161	176702	243958	298330	18960	166	444939	49730	81272	84984	94753	132592	195021	263080	310864	347018	154	126
463579	46314	68518	70664	76296	99829	150961	220438	320796	391546	150	130	405918	35588	45632	54976	76517	118997	210919	327299	359919	379555	16261	122	434131	41069	56478	58435	65379	92223	142488	195972	267032	315474	16366	153	370272	51655	87017	101436	118364	130922	147584	179896	248608	324264	16387	133	400821	37527	59363	69449	79417	105966	153914	196885	257579	325994	16640	142	430268	41466	75877	88715	103252	133982	190812	252665	308277	356594	16903	139	376765	66861	91586	99984	109714	119284	137186	174880	242776	297620	18848	165	447979	49908	81181	84702	95099	133780	195240	261559	310574	346646	159	131
464602	46662	68760	70690	77128	99538	151073	219813	319206	394562	145	128	411973	35697	45860	55757	76700	117546	210930	325184	365265	385399	16549	151	441156	41848	57123	59040	66289	92806	142632	196232	266453	315603	16670	145	370316	51686	86544	102298	119602	130768	148882	177701	249682	322999	16344	141	408167	37551	60097	69293	80329	107869	154036	198905	258212	323579	16992	146	428102	42138	76711	88754	102778	134657	191403	252145	307096	353825	17521	156	383843	66722	92114	100544	108795	118530	137245	174797	241477	296841	19162	168	448252	49815	81223	84448	96142	134812	197276	261535	311249	346676	141	136
470040	46861	69618	71580	76975	99900	151488	221073	321379	394004	134	149	411154	35864	46072	55611	77571	118872	210180	326397	366902	383985	16582	158	440578	42066	57343	58801	66783	93728	144197	196708	264319	316557	16550	150	374921	52357	88068	101518	118906	131525	147509	176811	246452	319577	16660	155	406987	37664	59798	69477	80781	107993	154501	197067	258624	322828	16941	145	430395	41777	76333	89871	104445	134819	192833	251826	307181	355171	17222	150	383293	67165	91409	100050	109092	118778	135547	174878	239051	295283	19515	173	448913	50481	82027	85117	96530	134067	196080	260016	310861	345522	155	140
470150	47455	69102	70915	76685	100048	152274	219164	319857	392696	139	135	417869	36122	46063	56282	77465	119002	209933	328084	368060	386001	16589	137	441930	41987	57132	58941	66293	94283	144805	195947	266164	316178	16723	153	376928	52545	87266	101053	118645	131221	147503	177037	243442	317197	16709	166	408072	38440	60119	69143	80630	108354	153963	199462	259231	321516	17320	139	430430	42040	76077	89478	103247	134963	191597	253023	304814	352860	17459	150	384065	67026	92083	99069	109788	117863	133910	174225	237901	289519	19614	178	450805	49771	81890	84700	96391	134386	196875	259435	310872	345321	154	156
461779	47621	69229	71428	76964	101844	151446	219002	320277	395267	145	132	418782	36153	46717	56363	77212	120108	211136	330380	367010	390554	16879	148	442119	42292	57052	58892	66740	94813	143918	196806	265608	313162	16986	143	379861	52954	87448	102144	118476	131139	148256	175805	244063	316341	16832	135	409724	38034	60505	68901	80783	108922	154525	195717	259266	319440	17233	146	436033	42273	76677	89102	103453	135741	191454	249648	305410	354525	17705	153	388782	67415	91513	99250	109587	117490	135525	173442	236853	289489	19664	161	448895	50510	81731	85083	96778	134527	194651	261257	309514	344664	156	144
476757	47582	69727	71773	77574	102126	153086	222202	321583	395451	145	151	423722	36607	46797	56883	77645	119642	211767	331822	370740	391663	17109	131	446091	42760	57869	59391	66873	95135	144676	197086	263906	315675	16996	141	384430	53590	87522	102368	118799	131516	147299	175079	241645	313942	17043	135	411830	38730	60223	69982	81587	109209	156422	198356	258211	319924	17393	146	433558	42613	77363	89754	104332	135530	192408	250826	304876	353538	17964	153	391054	67614	91928	98794	108742	117511	134312	172621	234039	284777	19913	169	450592	51216	82729	85697	97295	134165	195728	261603	309527	343959	152	153
477665	47759	69727	71978	77610	102118	152606	220216	322325	395894	156	150	425917	36560	47133	56207	77887	119678	210703	329830	371226	394416	17063	124	448138	42770	57506	59052	67813	94336	144067	196406	263922	316259	17116	138	382477	53574	87426	103063	119427	130343	147043	174813	241719	311663	17149	146	412860	38488	60623	70139	81725	109309	155292	197288	257065	321736	17544	134	438442	42999	77342	90296	104060	136140	192846	252472	304835	352669	17962	158	393500	67073	91708	98560	108674	117099	133969	169670	223310	284820	19981	173	452808	51171	82499	85839	97770	134432	195504	260182	308921	343620	147	150
470992	47877	69769	72572	78657	102951	154511	220997	321448	395332	143	153	428513	36806	46896	56861	77682	120201	211499	332832	372817	392569	17322	136	448735	42979	58123	59781	67174	95868	143928	195880	264323	312876	17294	145	386002	53821	87762	102721	118839	130893	146520	174194	240476	310133	17200	146	416347	38879	60663	70074	83026	109643	155752	196490	257085	319088	17687	143	437344	42794	77265	90069	105141	134945	192831	250837	306617	351216	17855	144	397333	68053	91124	98593	108018	117639	133654	170658	222664	283864	19996	179	453234	51558	82138	86109	98240	136315	195403	259337	307749	344286	166	137
479161	48799	70297	72248	78606	102917	153798	221053	317833	395592	141	146	429737	36680	47461	56938	78067	119593	211493	333048	373131	394659	17250	146	454540	43591	58171	59454	68786	96498	144805	195031	263474	314291	17446	141	390269	54173	88351	102400	118545	129880	147496	175283	239194	308330	17347	149	416929	38943	60630	70672	82632	110595	156175	195295	256021	318653	17583	133	437987	43368	77811	90532	106123	136220	193176	252088	304755	351716	18217	152	399227	68347	91702	97537	107951	116566	133613	169225	221821	281817	19989	188	451612	51875	82413	85556	97725	135503	193943	260645	305759	344027	154	145
479161	48929	69811	72475	78557	103305	154010	220492	321402	393351	144	143	429722	37128	47533	57449	77478	120576	212841	333191	375876	397054	17481	130	455449	43581	58605	60189	68737	96956	145162	196864	260230	312360	17407	125	387690	54525	88131	102666	118513	130240	147904	173379	237266	306134	17531	131	419206	38862	60651	70224	82796	110336	155538	194876	256662	318564	17893	146	440608	43265	77638	90662	107486	137093	190579	249081	301746	349195	18153	151	396389	68016	91423	98298	107721	117013	132468	169370	221246	281566	20269	168	456850	51889	81578	86121	99063	135844	195342	259654	304822	341512	141	149
484675	48884	69756	72902	79081	103408	153438	220397	320456	396180	154	159	429499	37280	48094	57414	78435	120158	212927	334275	376972	396825	17485	151	454045	43778	58552	60373	68505	99041	144784	196172	262823	309485	17461	146	390731	54089	87903	102262	118278	130039	146749	172507	236017	304547	17812	140	417057	39156	60976	70574	83383	110900	156102	195825	255370	319164	17982	158	439010	43832	77670	91019	107504	137848	193273	252948	303561	350746	18349	153	400649	68362	90890	97832	107225	116517	132016	168421	217450	278984	20573	154	452328	52521	82505	86692	98823	135200	194124	260847	303213	342360	161	143
477365	49176	70200	73618	79396	103864	154392	230775	321452	394766	152	138	432523	37308	47890	57739	78781	119671	213023	335588	379071	398573	17604	131	452420	43801	58677	60677	69767	99101	145173	196040	260632	312655	17512	141	397159	54977	88491	102007	119309	129156	145942	173306	226749	301162	17650	138	419327	39766	61005	71305	82896	110574	155850	196123	255761	316038	17969	153	438310	43982	77830	91041	108206	139247	193728	250791	303131	349318	18327	151	400944	68017	91607	98151	107752	116773	131760	167284	218564	278285	20677	166	449905	52449	83105	86630	98902	135664	193633	257653	306315	341265	154	144
478739	49452	69894	73149	79015	104334	155785	219743	319517	396643	156	139	433198	37711	48338	57718	78727	120759	214713	336123	380587	400806	17688	129	457069	44224	59252	61007	69388	98989	144754	195106	262221	310313	17597	149	396218	55160	88783	102584	118868	129871	146022	171825	234363	299344	17725	152	418696	39584	61047	70350	84044	110674	155631	195681	252974	315035	18171	133	445396	43854	78082	92118	108332	139935	192413	251362	302081	351018	18345	154	402693	68814	90378	98322	107108	115446	131709	167470	216523	275872	20907	160	446635	52537	82105	86937	99051	136222	193642	259544	306235	338817	166	149
483032	49665	69902	73515	79389	104216	156099	231652	322956	396649	143	140	437018	37851	48140	57756	78417	120862	213423	337586	379504	404435	17872	146	457945	44305	58739	61684	70350	99094	145986	195186	259916	311932	17673	137	398319	54918	88517	103029	119328	129978	144635	173299	233289	300665	17972	148	421560	39722	61561	71313	83574	111447	155530	195537	253569	314912	18087	140	445453	43683	77717	91913	109801	139691	193002	251160	303708	349553	18677	149	404093	69199	90589	97354	107210	116423	131850	167075	216291	274232	20908	177	452195	52872	82433	87810	99057	135304	195101	258691	304165	338502	150	149
486449	49784	70874	73178	79469	104065	154924	230754	322615	398756	141	163	438255	37958	48284	57596	78772	120169	213157	338442	381118	401883	17840	139	460844	44758	59078	61204	70740	99702	146352	193943	260330	309320	17887	151	400498	55638	88367	102336	119464	128605	145335	171986	232444	296590	17912	156	422613	40139	60968	71924	83829	112509	156076	193406	253467	314402	18375	152	440106	44218	77583	92445	110101	141524	193273	247627	302649	348000	18781	169	406252	69106	89859	97357	107139	115136	131440	166791	215440	272957	21652	156	451116	52684	82369	86725	99314	135999	193383	258640	304732	337241	159	143
482923	49882	71028	73719	79263	105207	155009	221141	320662	395018	147	134	443507	38170	48456	57947	78893	120109	213366	341804	383243	402722	17914	138	462728	44817	59207	61577	70902	100695	146671	196827	259465	311534	17957	153	401945	55460	88627	102356	119848	128784	146044	171866	221634	295827	17899	139	424729	40063	61218	71233	83797	111706	156608	193415	253888	313721	18338	139	440811	44376	78316	92211	111697	140665	191621	250947	299454	347560	18913	146	407523	69286	89737	96911	107503	115876	131682	164822	213968	271927	21459	168	450484	53360	83136	86602	98973	135741	191827	258456	304158	336859	144	149
481360	50129	71092	73965	80181	105213	155825	221147	319551	398925	154	151	444922	37960	48459	58235	79986	120693	212583	340972	383058	405887	18123	162	463338	44811	59445	61524	71372	100662	147018	196439	259602	310379	18097	149	404171	55903	88383	103083	118353	129573	145601	170956	232265	296187	18319	124	426649	40300	61421	72158	84075	111661	156531	193536	253756	311898	18455	132	440372	44579	79032	92741	110539	141450	192440	252032	300322	346095	19166	148	411370	69466	89632	97602	106396	114237	131679	165989	213248	272544	21610	167	446778	53223	83207	87117	99628	136288	193666	258135	304921	337173	159	139
493412	50193	71378	74039	79805	104019	154920	220510	319570	397966	149	146	447614	38068	48787	58608	79078	120589	213656	341820	383408	406320	18070	138	464982	45390	58853	61566	71895	101410	147688	194691	257666	309207	18168	134	403915	55883	88985	103424	117659	129131	144330	171110	230056	294676	18197	134	428128	40562	61903	71787	84372	111995	154961	192798	252724	312864	18614	151	438676	44704	79351	93489	111644	142108	193423	252216	302240	346943	19321	157	412633	69660	88286	96810	105975	113907	131460	165152	213245	271883	21723	168	447642	53442	83263	86575	99596	136331	192645	256560	301766	335287	157	144
494644	50543	71326	73991	80375	104436	154879	219111	318697	396707	136	151	448371	38584	49170	58539	80282	121084	215408	341887	384404	408343	18100	135	464079	45724	58851	61854	71879	101786	146359	195270	257879	306112	18155	145	405331	56974	88358	102431	118157	128593	144488	170344	219288	294910	18289	130	425064	40342	61749	71910	84346	111491	155770	192717	251894	309908	18865	156	439986	44696	79141	94087	112075	140834	192786	248109	299829	347831	19325	154	412356	69889	89579	96845	105785	113574	130274	164783	211596	268680	21966	173	444035	53895	83251	87268	99843	135838	190911	255589	304567	335232	164	155
495538	50714	71004	73458	80112	104419	154786	218571	315536	391645	154	140	451299	38632	48956	58401	79367	121409	213327	342650	384609	407139	18257	143	464190	45450	59646	61963	71424	101782	147747	194048	257242	306631	18430	140	405827	56255	88911	103132	118116	128581	144489	170471	221127	289655	18383	146	426605	41016	62309	71562	84939	112172	156853	193083	249174	309918	19016	140	435314	45322	79479	94257	111654	142667	193214	249107	297456	345062	19548	151	415543	69075	89319	97646	105158	114222	129489	162957	211863	267696	22108	172	446293	54346	82364	87052	99457	135616	192139	256262	302791	336046	158	153
496975	50931	71220	74049	80714	104378	155403	218762	315719	390594	147	138	451261	38900	49759	59280	80516	121260	215017	344702	387385	413426	18384	149	464367	45780	60039	62278	71067	101740	147561	194678	257309	306349	18435	143	409938	57220	88039	102775	118011	129075	143234	170791	220076	288878	18653	135	426940	41044	62205	71825	84484	111918	156524	193767	248843	310139	18939	136	436047	45526	79938	94447	111159	142633	193237	251014	298754	345043	19902	136	415471	68534	89087	97494	104455	113911	129068	163645	211665	265636	22135	168	446139	54084	82436	87522	100666	135463	192230	258168	302141	335307	167	149
496868	51049	70904	73751	80100	104736	155335	217957	312664	388950	145	134	453038	38952	49261	58579	81159	121856	214708	345159	389317	412510	18692	134	466726	46476	59512	62197	72531	101936	147922	192957	257143	304837	18758	154	412671	57258	88200	102341	118200	128584	143877	169906	219491	290221	18582	137	427846	41412	62368	71631	84430	111918	155630	191276	248551	308844	19103	154	428481	45984	80068	94809	112499	142818	192790	249062	299611	343251	19752	161	414587	68266	89109	97371	104772	113395	128976	161995	209883	264653	22646	157	441673	54038	82016	86802	99890	135371	191775	256840	300582	332840	158	148
494316	51036	71409	73809	80466	104111	156090	215874	310856	387454	135	138	456204	39070	49378	58769	81236	122589	215241	342961	392569	410359	18751	143	466919	46132	60074	62989	72477	101530	147138	195533	258524	304725	18745	140	412264	57390	87628	102386	117315	128527	144287	169305	218269	288766	18580	152	426745	41392	61713	71365	83664	111828	156194	191962	247961	306857	19114	140	428254	45955	79755	95210	111667	142110	192209	250101	297255	342789	19923	169	418453	68359	88548	96551	105604	114822	128552	161198	207574	263724	22522	173	437065	54180	82134	87292	100165	135781	190893	257469	301165	333883	156	159
487625	51607	71270	74303	79859	105052	154599	216640	310750	381316	143	148	459532	39411	49534	58953	80914	122257	216198	346741	389349	412149	18835	145	464941	46273	59960	62705	72995	102297	149055	193647	256118	305263	18925	144	413724	57114	87653	102898	118353	128531	143261	167090	216747	289036	18539	155	422567	41486	61848	71793	84333	112446	155318	191207	246799	306892	19411	151	426882	45806	80438	94851	112593	142636	192398	249166	297899	341241	20057	150	421438	67747	88702	96349	104991	114364	129262	161298	207724	262229	23043	179	434087	54655	82844	87429	99685	137339	190591	255180	299956	332046	153	165
486245	51058	71593	73344	80407	104136	155234	215055	307834	382401	146	167	457845	39328	49698	59655	81568	122601	215885	345866	393314	413942	18784	137	462364	46306	60400	62746	72718	102266	147253	194565	254611	303557	19000	143	415243	57852	88189	103138	117756	127892	143823	167126	214893	287426	19045	145	420429	41845	62168	72006	83991	111977	156303	190550	244126	304606	19464	168	425936	46098	79564	95462	111899	142841	192331	249227	297144	342921	20120	157	422620	68055	89099	95737	104939	114696	129723	160696	205408	259706	22908	177	430561	54825	82173	87073	99429	136248	191513	256740	298314	330251	155	141
488935	52262	70863	74216	80081	104359	154660	214670	305430	379146	167	141	456973	39178	49452	59350	81023	122254	217159	345662	392118	414549	19186	158	463459	47003	60516	62703	72852	102358	146990	193657	255330	303490	18966	147	415950	58212	88039	102888	117411	127862	144038	167446	213895	284242	19096	145	417294	41944	62355	70871	84137	111884	155800	192467	243739	302481	19722	147	420767	46116	79963	95052	112814	142514	192246	248477	295954	341607	20411	173	421706	66889	89397	96001	104829	113601	129428	162139	206207	259866	23044	160	429855	54605	82068	87874	100331	137287	192318	254975	299761	333220	149	129
