3826	2556	2537	2550	2413	2550	2557	2581	2614	2620	68	69	4271	2951	2980	2980	2930	2850	2952	2972	3002	3021	88	67	5908	3132	3188	3158	3064	3101	3089	3135	3154	3163	90	72	4046	3031	3033	3093	3027	3063	3150	3165	3176	3143	106	72	4724	2257	2248	2274	2176	2179	2228	2264	2273	2295	93	67	4554	3160	3174	3185	3124	3102	3062	3110	3097	3104	95	66	3909	4758	4929	4883	4757	4789	4781	4769	4786	4912	92	76	4149	4009	4188	4169	4087	4060	4172	3990	4180	4151	69	76
4095	2460	2548	2599	2513	2536	2599	2615	2605	2619	60	61	4607	2965	3043	3052	2990	3048	3035	3145	3133	3150	94	74	6275	3036	3236	3223	3225	3216	3207	3300	3241	3270	98	61	3888	3051	3175	3167	3137	3097	3200	3188	3280	3243	92	71	4808	2148	2270	2232	2132	2135	2166	2191	2289	2247	93	66	4654	3046	3138	3201	3122	3086	3144	3150	3229	3198	92	69	3881	5065	5468	5340	5270	5161	5314	5261	5326	5361	97	70	4392	4258	4483	4506	4440	4392	4518	4395	4547	4506	63	67
4392	2427	2576	2753	2623	2697	2753	2785	2834	2781	65	65	5250	2995	3180	3275	3228	3273	3364	3415	3452	3484	94	70	7148	3153	3388	3560	3409	3479	3598	3621	3610	3695	91	78	3938	3073	3347	3408	3390	3396	3537	3506	3651	3571	102	73	5182	2129	2214	2254	2233	2245	2276	2264	2312	2357	105	64	5114	3112	3378	3382	3337	3394	3390	3380	3495	3463	106	70	3809	5427	6192	6201	6099	6157	6227	6258	6393	6393	109	78	4880	4439	4972	5084	5123	5027	5195	5115	5265	5260	70	74
4974	2489	2743	2948	2878	3021	3090	3089	3064	3208	70	67	6160	3009	3505	3725	3789	3721	3854	3913	3945	4008	102	67	8099	3138	3581	3876	3990	4125	4155	4320	4279	4310	90	76	4186	3105	3604	3811	3887	3910	3997	4055	4183	4177	111	67	5692	2090	2346	2389	2425	2435	2510	2600	2576	2544	95	70	5803	3232	3639	3741	3825	3757	3862	3903	3944	3947	114	71	4100	5775	7073	7190	7235	7342	7486	7565	7540	7655	110	64	5579	4605	5367	5736	6035	6006	6315	5881	6252	6293	68	71
5736	2475	2804	3180	3387	3538	3636	3622	3601	3724	64	68	7172	3050	3806	4188	4435	4473	4628	4678	4745	4780	109	66	9193	3138	3883	4404	4652	4862	5001	5008	5018	5157	100	66	4504	3066	3928	4373	4512	4718	4872	4849	4919	5012	105	73	6489	2126	2507	2660	2832	2901	2964	2973	2990	3009	109	64	6751	3343	3832	4241	4387	4458	4616	4652	4773	4742	107	73	4433	6010	7799	8216	8639	8922	8999	9124	9092	9025	108	62	6431	4766	5845	6496	6914	7244	7603	6942	7545	7526	70	72
6742	2417	2992	3575	3968	4216	4279	4320	4357	4438	68	72	8615	3153	4125	4919	5228	5312	5548	5580	5691	5682	117	62	10435	3121	4103	4806	5443	5726	5975	6001	5983	6108	109	73	5070	3113	4145	4927	5347	5594	5790	5922	5939	5975	112	66	7344	2128	2597	2969	3279	3422	3570	3549	3569	3618	111	73	7635	3395	4176	4729	5103	5275	5454	5432	5705	5666	116	67	5046	6237	8528	9231	9970	10189	10537	10586	10444	10625	121	62	7541	4760	6103	7095	8050	8378	8886	8290	8886	8934	67	68
7813	2403	3082	3841	4569	5048	5165	5263	5292	5389	66	77	10081	3200	4568	5560	6175	6336	6700	6720	6835	6806	114	62	11807	3141	4266	5113	6193	6741	6993	7214	7058	7196	116	68	6000	3051	4408	5273	6111	6573	6806	6954	6960	6997	105	61	8326	2140	2770	3313	3844	4065	4297	4314	4286	4472	118	71	8770	3601	4595	5208	6018	6298	6772	6631	6813	6771	104	63	5809	6528	9007	10154	11101	11606	12176	12105	12280	12490	111	69	8937	4942	6482	7691	8908	9580	10428	9748	10395	10341	64	72
9653	2541	3257	4290	5261	5904	6392	6462	6383	6624	71	69	11944	3219	4797	6343	7331	7601	7990	8022	8212	8262	120	71	13123	3100	4363	5431	6833	7737	8079	8334	8276	8402	129	72	6936	3094	4579	5654	6930	7557	7974	8210	8293	8235	116	64	9410	2185	2827	3619	4427	4895	5251	5286	5311	5310	119	66	9954	3674	4907	5803	6895	7587	8014	8036	8351	8128	122	76	6687	6766	9552	10911	12514	13348	13711	13857	13984	14091	123	75	10672	4999	6732	8182	9915	11062	11906	11264	11989	11851	67	73
11645	2602	3566	4568	6132	7131	7626	7902	7930	8029	67	60	14378	3246	5064	6993	8547	9061	9577	9796	9872	9890	128	73	14950	3064	4414	5684	7617	8862	9532	9743	9771	9761	125	73	8057	3081	4616	6118	7907	8768	9307	9485	9666	9707	141	73	10690	2232	3083	3909	5275	6032	6413	6561	6541	6657	138	70	11304	3946	5509	6530	8123	9206	9686	9809	10176	10005	132	65	7890	6947	9942	11721	13870	14920	15559	15813	16007	15913	130	60	12974	5084	6862	8608	11034	12517	13625	13008	13808	13787	66	76
14161	2673	3682	4977	6992	8810	9542	9770	9691	9989	71	59	17262	3283	5492	7946	10347	11088	11771	11796	12170	11929	125	70	17144	3167	4463	5919	8363	10300	11185	11433	11408	11669	132	72	9679	3073	4721	6468	8740	10232	10786	11045	11421	11383	138	67	12414	2357	3279	4236	5954	7367	7798	8328	8136	8312	143	60	12961	4158	6103	7207	9485	11065	11834	11966	12443	12244	140	67	9421	7220	10577	12536	15405	17185	17784	18215	18329	18664	149	68	15550	5260	7197	9106	12102	13976	15984	15091	16014	16098	71	63
17101	2777	3984	5461	8108	10509	11583	12016	12040	12450	63	69	20303	3350	5587	8928	12275	13467	14451	14806	14978	14840	148	68	19650	3101	4611	6145	9225	11742	13025	13366	13308	13706	150	67	11598	3105	4878	6541	9723	11644	12945	13013	13472	13399	151	69	14235	2359	3401	4462	6878	8856	9830	10377	10324	10445	144	69	14802	4437	6844	8297	10911	13049	14484	14832	15177	14981	139	66	11319	7402	11317	13392	16931	19466	20339	20653	21125	21328	164	69	18719	5341	7572	9599	13221	16169	18335	17570	18693	18712	71	76
20098	2941	4253	5801	9095	12284	14242	14756	14809	15099	60	70	23403	3474	5944	9918	14769	16215	17628	17877	18502	17841	155	57	22355	3098	4611	6262	9801	13201	15280	15854	15632	16157	155	62	13907	3079	4950	6988	10619	13645	15054	15781	15739	16046	164	64	16485	2488	3730	4824	7700	10571	11792	12774	12833	13019	148	71	17352	4772	7730	9284	12596	15717	17888	17969	18592	18360	164	72	13483	7727	12049	14188	18769	21807	23006	23548	23931	24461	164	66	21940	5409	7866	9841	14444	18317	21455	20746	21733	21620	76	67
23781	3065	4622	6285	10279	14584	17164	17900	18199	18566	70	68	27587	3422	6158	10769	17230	19411	21043	21537	21769	21589	157	69	25175	3159	4739	6363	10433	15133	17557	18423	18151	18935	167	65	16615	3178	5232	7087	11432	15636	17695	18349	18577	18793	168	65	19031	2629	3892	5178	8569	12629	14574	15785	15873	16223	163	66	20005	5040	8767	10546	14210	18363	20836	21785	22314	21991	173	71	16157	7951	13029	15278	20512	24424	26353	26834	27343	27804	179	65	26242	5635	8076	10311	15437	20848	24130	24027	25044	25055	68	69
28133	3228	5120	6877	11153	16995	20105	21154	21353	22483	69	68	31923	3468	6456	11669	19749	22823	24685	25373	25589	25591	173	67	28309	3143	4836	6405	10836	17012	20077	21264	21083	21946	185	66	19564	3158	5251	7362	12101	17461	20439	20850	21732	21754	185	58	21761	2776	4245	5489	9372	14341	17044	19004	19177	19550	175	69	23044	5429	10239	12040	15806	20960	24609	25555	25931	25782	191	65	19642	8301	13823	15683	22100	26936	29780	30572	31148	31661	187	64	30561	5765	8483	10628	16284	23073	27318	27184	28480	28520	70	75
33102	3495	5678	7541	12165	19088	23564	25068	25748	26394	67	75	36363	3545	6723	12461	22531	26871	29133	30093	30650	30047	215	69	31654	3129	4934	6582	11152	18583	22744	24364	24515	25697	194	68	22894	3213	5492	7644	12870	19226	23375	24157	24823	25220	194	74	24669	2932	4783	6104	9977	16305	20525	22485	22855	23146	194	64	26274	5935	11698	13595	17386	23293	28396	29748	30008	30715	209	53	23169	8649	15015	16825	23721	29984	33401	34045	34998	35560	208	72	35740	5977	8881	11359	17330	25604	30815	30772	32404	32703	71	66
38431	3841	6459	8363	13032	20978	27140	29203	29926	31075	68	69	40338	3592	7102	13177	25825	30627	34001	35177	36122	34434	222	71	35309	3263	5110	6849	11405	20275	25723	27791	28169	29003	228	67	26482	3344	5823	8009	13462	21696	26192	27822	28773	29231	242	72	27669	3129	5223	6696	10802	18272	23695	26488	27053	27941	219	68	29819	6279	13204	15561	19043	25873	32413	34300	34548	34981	232	66	27190	9098	15946	17511	24715	32192	36185	37586	38838	39375	234	64	40821	6172	9227	11614	18061	27935	34321	34894	36573	36542	69	65
43231	4100	7070	9184	14014	22857	30119	32840	33702	35074	75	67	43855	3781	7492	13696	28126	34741	38481	39869	40691	38611	238	75	38139	3343	5291	6931	11798	21453	28927	31146	31692	32972	248	63	30279	3398	5994	8326	14072	23580	29408	31258	32551	32983	252	59	30999	3261	5788	7458	11751	20175	27112	30697	31409	32559	251	66	33646	6793	14525	16985	20680	28307	36370	38682	39419	39481	237	67	30841	9595	17058	18777	25907	34958	39627	42297	42808	43746	259	72	45665	6440	9997	12352	18803	29291	37192	38473	39923	40937	68	67
48191	4388	7692	9909	15207	24451	33607	36813	37781	39414	81	72	47436	3846	7704	14224	30364	37957	43032	44585	45110	42901	270	68	41271	3358	5421	7205	12257	22554	31290	34987	35130	36234	266	69	34007	3481	6350	8580	14483	24792	32243	34453	35182	35383	286	64	34294	3464	6198	8030	12425	21512	29942	34467	35630	36668	275	77	37249	7174	15426	17940	22271	30067	39346	42784	43667	44352	274	70	34894	9985	17740	19671	27188	37728	43870	46719	47300	48416	289	63	50131	6631	10419	12937	19361	31566	41319	42763	44934	45755	72	76
52072	4834	8055	10333	15549	25672	35898	39772	41047	43275	70	71	49326	3926	7900	14352	31580	39976	46256	48160	49167	46734	304	75	44747	3486	5487	7472	12642	23702	33624	38260	38731	39695	314	78	37219	3574	6572	8959	14978	26308	35596	37698	38532	38956	306	77	37284	3619	6530	8703	12954	22169	31762	37030	38995	40447	324	73	40616	7296	16066	19040	22801	31236	41650	45738	46814	47681	306	71	38018	10118	18734	20581	28501	40232	47865	50622	51761	53534	328	74	53802	6775	10802	13312	20103	32999	44347	47082	49611	50217	76	69
55804	4860	8422	10604	15848	25859	36883	42146	42975	45741	74	65	51580	3982	8014	14371	32019	41283	48360	51172	52420	48694	358	65	47497	3404	5789	7645	12808	24160	36038	41589	42239	43109	338	77	39077	3678	6815	9109	15326	27365	38008	41125	42531	42767	346	65	40890	3736	6786	8904	13247	22318	32188	38845	41316	43045	347	68	44374	7520	16530	19738	23666	31782	42497	47218	48839	49458	343	71	40503	9959	19143	21029	28901	41078	50552	54156	55483	57585	371	69	56070	6951	11123	13676	20384	33668	46808	50352	53661	55098	69	65
58049	4890	8600	10936	16070	25714	37426	43267	45128	48621	62	72	53654	4116	8098	14527	31842	42038	49686	52827	54186	50606	377	71	50087	3521	5767	7737	12854	24546	37452	44603	45571	46286	402	73	40884	3623	6928	9281	15575	27817	39415	43595	45661	46594	406	68	43983	3798	6968	9395	13807	22663	33020	39711	42871	45069	392	69	47869	7652	17025	20243	24616	32943	44696	49848	51311	52404	405	69	41403	10256	19504	21776	29314	41968	51422	57564	59075	61396	386	79	58035	7015	11178	13834	20435	34077	48036	53075	56486	58901	76	76
61668	5133	8973	11605	16967	26747	38903	45404	47933	51355	68	75	56652	4198	8318	14474	32534	43374	52021	55122	56350	52318	430	63	52485	3553	5873	7915	12929	24706	37728	46369	47917	48898	457	65	42576	3773	6976	9548	15780	27875	40394	45615	47735	48985	468	75	46714	3900	7361	10132	14401	23296	34434	41888	45472	48266	461	71	50475	7777	18004	20986	26377	34349	46345	52753	54154	55831	450	70	43365	10110	20008	22116	30025	42990	54183	60150	61530	65000	454	71	62026	6912	11538	14216	20698	34392	49327	55152	59110	62237	74	69
65408	5234	9685	12493	18040	27771	40672	48751	51532	55492	65	78	60749	4337	8490	14562	33186	44846	53991	58688	60056	56468	521	72	55439	3612	6208	7997	13138	24794	38008	47632	49748	50780	515	68	45421	3795	7232	9808	16049	28173	41159	47017	49773	51340	528	64	49000	4182	8019	11132	15641	24208	36002	44549	47971	51578	527	73	53131	7861	18934	22641	28760	36740	49198	56261	58423	60607	513	69	45842	10270	20435	23004	30853	43880	55890	63065	64750	68651	534	64	66634	7018	12011	14822	20856	34635	50463	57630	62838	65291	70	71
71208	5337	10775	13597	19668	29360	42983	52828	56479	61542	75	67	65904	4308	8963	15158	34293	46776	58075	62391	64099	60646	584	74	58503	3724	6470	8245	13541	25098	39099	49960	52640	53736	573	78	47646	3862	7450	10162	16500	28443	42415	49593	52414	54548	583	65	50850	4225	8735	12351	16925	25294	37488	47293	52131	56135	582	71	55129	8003	20291	23801	30819	39018	52415	60820	63662	65678	587	73	49268	10298	20965	23738	31803	45043	58385	66489	69009	73182	629	79	72685	7157	12739	15266	21795	34783	51756	59688	65755	68877	66	57
76718	5620	11806	14932	20985	31143	46160	57335	61120	67350	72	77	71786	4411	9507	15563	35351	49468	62660	67844	68887	66779	646	73	61634	3844	6690	8688	14109	25202	40311	51873	55799	56822	649	68	50853	4010	7886	10523	16872	29049	43320	52120	55999	58549	652	73	53153	4444	9448	13618	18295	26503	39324	51239	56530	61053	670	73	57264	8185	21285	25286	33403	41411	55939	65468	69057	71805	637	72	52398	10423	21773	24921	32849	46480	61740	69843	72748	77349	674	78	78530	7304	13274	16077	22087	35969	53250	61979	68307	71750	67	62
83556	5796	12945	16428	22752	32477	47993	61272	66592	73838	69	70	77550	4620	10052	16307	36688	52940	67135	72886	75034	70986	702	69	66114	3948	7087	9061	14394	25838	41503	54918	57632	60836	733	63	54790	4082	8328	11195	17557	29723	45402	54929	59607	62273	744	63	56346	4631	10430	15146	20141	28428	41644	55447	61911	67396	737	75	60216	8251	22358	27311	36209	44144	59470	71360	75448	78450	743	69	56545	10568	22587	26120	34531	48060	63823	73482	78048	81280	787	76	85031	7367	14016	16954	23084	36374	55003	65422	71649	75576	69	72
90456	6006	14092	18136	24715	34386	51707	67254	73247	79775	72	73	84425	4732	10664	16817	38115	56434	73314	79407	81428	77724	805	75	69800	4051	7537	9452	14962	26157	43164	57862	61581	64587	801	71	59250	4155	8930	11832	18263	30166	46983	58349	63764	67211	822	74	58565	4780	11463	16824	22165	29886	44462	59772	68511	73956	807	71	63769	8593	24163	29176	39155	47401	63199	76478	81689	85731	825	67	61428	10734	23313	27497	36447	49903	67528	77160	82317	86811	852	69	92922	7459	14861	17889	24203	37189	57280	68434	75421	80100	70	67
98489	6336	15568	19954	27016	36911	54850	73323	80000	88294	77	70	92495	4891	11108	17782	39696	60743	79223	86010	89293	85431	895	69	74755	4192	7929	10058	15636	27029	44673	60596	65435	69625	895	73	65203	4331	9329	12618	19277	31017	49453	62387	67999	72175	866	72	61683	4924	12686	18527	24555	32289	46809	65001	73708	81714	913	82	67577	8838	25506	31497	42537	50604	67383	82980	88940	93709	906	70	67410	11060	24295	29464	38622	51959	70736	82241	86181	92017	914	71	100314	7731	15811	18926	25351	38803	60070	72742	79777	84903	72	71
106517	6499	17151	21852	29079	38812	58612	79454	87182	95785	66	76	100934	5140	11755	18134	41320	64244	84598	92613	95007	92313	990	71	79051	4434	8413	10631	16301	27746	46368	64356	70666	74534	983	71	72003	4542	9983	13476	20465	32481	51909	66112	73237	76375	998	71	66424	5145	13814	20175	26433	34229	49517	68998	79195	86962	993	70	71931	8886	26821	33237	45965	53266	70510	87626	95499	99663	997	72	74309	11460	25185	30909	39948	53147	74855	86306	92623	98426	1010	74	107794	7931	16700	20184	26264	40012	62780	76777	84412	90644	70	63
114275	6838	18739	23635	31348	41094	61696	85105	94685	104249	72	72	107694	5331	12348	19134	42558	67582	89726	97629	100656	98633	1066	68	83838	4532	9019	11309	17130	28716	48911	68665	75081	79271	1078	71	79045	4681	10626	14428	21507	33471	54511	70530	76929	82902	1083	72	70109	5464	15024	21953	27925	35906	50400	72210	83626	92161	1073	76	76491	9287	28014	35234	48636	55863	73414	92214	99677	106083	1081	74	80587	11717	26015	32566	42297	55490	77916	91526	98504	103076	1097	65	114869	8361	17596	21028	27457	40839	65080	82007	90686	95850	68	71
119617	7071	20411	25383	33330	43093	64426	89917	100687	111423	72	70	114138	5501	12911	19577	43872	70575	94402	102051	104593	104177	1134	61	90058	4689	9539	11883	18105	29629	51583	72727	79876	84324	1161	73	86539	4886	11334	15323	22595	34603	57311	74846	82854	88227	1153	74	75321	5699	16055	23312	30303	37324	53039	75441	87710	97492	1138	83	82397	9531	29100	36601	50990	59021	75882	96200	104942	111301	1149	74	88277	11941	26499	33719	43199	57125	81266	95077	102222	107086	1192	81	119648	8529	18440	21824	28425	41756	67406	85412	94782	100119	70	64
123682	7393	21792	27168	34881	44615	66564	93135	104421	115900	76	70	120044	5678	13707	20570	44700	73616	97810	105830	108717	110706	1241	70	95445	4866	9959	12689	19015	31037	53755	77553	85117	91294	1243	72	93309	5006	11866	16163	23894	35533	59790	79118	88670	94613	1256	73	79468	5876	17014	24824	32083	39183	54693	78967	90939	101587	1253	67	87372	9810	30199	38017	53383	60728	78530	98775	109264	115493	1248	67	94614	12018	26960	35268	44580	59034	83517	99341	106367	111943	1346	66	125544	8845	19287	23211	29302	43055	69202	88129	99660	105495	70	71
129711	7722	23089	28558	36420	46048	68707	97097	109205	121011	74	73	125570	5793	14056	20970	46043	76216	100979	110166	112769	113976	1335	71	100452	5131	10482	13221	19847	31421	55708	80825	90206	96256	1337	72	99027	5124	12397	17133	24887	36676	61703	83057	93177	100206	1379	65	86139	6168	18004	26013	33698	41051	56418	81866	93348	105153	1333	82	93060	10000	30685	39300	55388	62639	79915	101774	112449	120398	1369	73	100827	12260	27827	36597	46057	59957	85369	101706	110184	115133	1434	71	129477	8925	19805	23718	30135	43844	71104	91466	102507	109424	68	68
134770	8015	24438	29630	38269	47837	71255	100972	113577	126021	78	80	130561	6061	14904	21739	46398	78539	104567	113232	117291	118576	1498	71	104966	5356	11071	14161	20729	32339	57382	84089	93978	101211	1446	69	104881	5418	12949	18051	26226	37761	63484	86899	97851	104399	1469	72	90091	6373	18729	27182	34831	42721	57720	83045	96743	107966	1454	64	98366	10300	31985	40090	57545	64611	81505	105143	116593	123410	1506	67	106074	12495	28827	37867	46972	60900	87434	104707	112627	118845	1555	70	134715	9127	20750	24728	30844	45048	72491	93551	105939	111609	69	75
139902	8334	25519	30933	39623	49241	72924	103448	117298	129690	72	66	134024	6223	15244	22235	47227	80344	108512	117291	120271	122698	1547	71	108808	5500	11702	15050	21909	33480	58419	86535	97900	105230	1537	75	110530	5625	13649	18930	27231	38897	64393	88332	99921	108740	1560	75	96417	6648	19518	27839	35938	43918	59338	84690	99721	111401	1552	72	103028	10678	32555	41669	58269	65821	83105	107307	119395	127864	1592	71	110301	12900	29215	38983	48269	62102	89237	105679	113893	119479	1666	81	137774	9460	21590	25704	31852	45519	73755	95233	107436	113621	71	75
143483	8575	26439	32134	40832	50047	73729	106083	121039	134096	64	73	135578	6510	15795	22812	47813	82201	111425	120760	123285	125723	1640	77	111707	5814	12391	15488	22309	34197	59787	88356	99522	108517	1609	80	115959	5802	14379	19822	28322	39998	66245	91297	103477	111932	1629	68	99841	6920	20423	28792	36960	44958	59557	86166	102752	115933	1664	66	107681	10762	33105	42466	59849	66704	84423	110199	123433	132273	1664	77	115415	13149	30057	40119	49096	62483	89792	106745	115922	121438	1774	77	141986	9730	22125	26186	32108	46164	73794	96180	108657	115569	67	73
147734	9002	27295	33231	41831	51334	74513	107782	123756	137347	71	72	140669	6715	16288	23463	48067	83884	114114	124396	128746	130483	1794	73	116252	6054	12920	16308	23389	35626	60838	89760	101518	111600	1777	76	120269	5929	15140	20691	29210	40658	67342	92577	104707	112896	1735	73	103534	7260	21100	29705	37825	45756	60815	86974	104811	120166	1721	72	111437	11303	33978	43113	60926	67961	84559	112366	126023	137976	1784	65	120141	13491	30821	40990	49692	63524	90875	108754	117562	121942	1893	74	145095	9971	23130	27089	33281	46659	74955	97084	110518	116626	75	66
153150	9428	28398	34122	42478	51578	75587	109813	127767	142030	74	76	142510	6978	16677	23925	48665	85221	117877	128431	132187	133314	1852	71	116021	6220	13590	16913	23810	35999	61546	91169	103014	112821	1889	74	123497	6194	15756	21448	29878	41537	67894	94298	107148	115119	1867	80	108109	7568	21936	30292	38687	46922	61314	88042	107430	123835	1859	73	113206	11673	34485	43562	61128	69111	85599	114301	130633	141961	1914	75	123459	13860	31616	42015	50409	64226	90807	109243	117981	124555	2024	74	147765	10425	23519	27721	33694	47740	75814	97910	110993	117100	73	87
158692	9758	29186	34549	43154	51862	76566	112230	130714	146742	72	76	145969	7297	17366	24249	48827	85895	120597	132216	136214	137213	1970	65	118361	6527	13980	17428	24428	36574	62210	92476	104636	114391	1964	78	126956	6338	16256	22378	30678	41997	68563	94820	108293	116623	1957	75	110319	7863	22499	31164	38736	47118	60896	89358	110186	127943	1999	78	115299	12000	35299	44300	61615	69512	85489	114041	133039	146812	2028	77	126641	14119	32464	42447	50818	65036	92231	110851	118102	124686	2140	78	151901	10630	24372	28103	34193	47993	75311	98522	111585	118707	69	72
163067	10138	30081	35256	43881	53112	76584	114222	135437	151634	79	68	150560	7483	17810	24724	48782	87344	123600	136076	140462	142644	2063	75	118595	6688	14793	17927	24893	37229	63829	93475	105035	114970	2101	81	130987	6587	17008	22777	31395	43254	69494	95589	108912	117862	2101	72	113433	8194	22978	31278	39556	47397	62149	89181	111396	130758	2112	71	117888	12234	35846	44445	61872	69134	86033	113941	136266	148525	2157	81	128014	14580	32919	43268	51883	65483	93199	111385	118783	125795	2230	79	156546	10964	24669	28570	34555	48549	76549	99791	112642	119775	77	85
167170	10541	30805	36084	44464	53490	76842	115609	137355	156508	65	68	154200	7677	18128	25066	49288	87542	125500	138959	143807	146112	2183	75	121205	6999	15364	18233	25517	37909	63967	94059	106128	115465	2251	74	133922	6691	17229	23346	32024	43878	70387	96541	109473	118232	2242	72	114616	8374	23607	31701	39767	47948	61793	89470	112465	132585	2238	69	120045	12564	36235	45248	61966	69142	85766	115715	137065	152372	2269	75	130908	15027	33594	43476	51665	66010	93777	112073	120981	126055	2370	74	159614	11191	25310	29262	34921	49033	77744	99958	113686	120764	74	79
172158	10966	31344	36166	44709	53704	77159	115228	140490	160282	67	66	157977	7991	18780	25529	49170	87428	127407	141658	145921	148922	2369	66	122910	7239	15574	19003	26376	38419	64907	94501	107416	118360	2367	67	136938	7034	17749	24005	32784	44409	71513	97645	110793	120266	2358	76	115800	8721	23958	31868	40061	48294	62924	89893	113214	134295	2340	75	122426	12965	36745	44833	63057	69825	85589	116042	138535	155220	2342	80	134474	15108	34144	43935	52547	66905	94011	114235	121450	128482	2433	80	163207	11424	25536	29548	35776	49384	78196	100704	115503	123451	67	76
175576	11438	31636	36978	45430	53986	77187	116685	140704	162465	72	75	160894	8302	19168	25917	49264	87312	128360	143847	148233	153297	2456	73	124400	7638	16279	19261	26614	38682	65619	95653	108038	119385	2459	72	140168	7174	18307	24375	33497	44762	71518	98789	112747	121099	2442	73	117311	9085	24285	32667	40623	48810	62615	90237	114554	136472	2393	73	123330	13241	36974	45397	62870	70644	86400	114764	140006	156953	2448	70	136171	15484	34530	44560	52967	67021	95119	113571	122772	129441	2581	80	166101	11774	26008	30047	35621	50410	78860	103637	117632	124817	76	78
178457	11701	32148	36978	46119	54882	78270	116755	143330	164411	78	77	163944	8642	19502	26002	48650	87937	130137	145548	150764	155841	2541	65	126108	7831	16736	19934	27143	39695	66181	97660	110098	120111	2510	72	143079	7539	18936	24874	34097	45852	72726	100027	113998	123128	2541	66	118709	9441	24746	32699	40952	49295	63062	89798	113853	137565	2501	66	125165	13693	36758	45478	63255	70690	85638	114873	141804	160269	2502	74	139700	15635	35323	45085	53449	68334	97228	116020	126567	133175	2765	75	167457	12158	26330	30281	36121	51089	79591	104398	119572	127991	70	81
182039	12191	32814	37673	46276	55425	77954	117501	146986	169070	72	77	165812	8891	19452	26422	49242	87303	131605	146880	152906	158597	2625	76	126948	8134	17040	20446	27324	40123	67677	98237	111966	122135	2606	81	146842	7682	19365	25188	34615	46652	73635	101031	115829	124615	2604	68	118979	9862	25065	32984	41499	49575	63705	88968	114599	140677	2623	66	127564	14036	36953	46121	63456	71283	86102	115580	142571	162556	2677	73	143111	16277	35490	45489	54014	68525	97602	117755	128251	135565	2831	82	171464	12545	27368	30788	37040	51670	80645	107025	121514	130326	74	66
183963	12695	33284	38464	46624	55057	78486	117791	149256	173039	76	62	167620	9210	19988	26360	48607	86846	132008	150229	156963	162632	2706	71	129299	8341	17642	20672	28097	40920	67323	98915	113661	123958	2724	72	149041	7912	19861	25807	35079	47728	74142	102039	116656	125355	2762	69	121969	10302	25195	33311	41774	49692	63553	89319	117120	143754	2721	71	128515	14522	37434	45605	63864	70882	86441	116391	144380	165844	2769	83	145042	16544	36396	45655	53959	68812	98386	120711	130009	137306	2965	82	170888	12867	27420	31470	37054	52182	82128	108892	123178	131793	71	70
189457	12920	33403	38796	47038	55636	78912	118513	152124	178623	73	74	171481	9491	20401	26795	49089	87438	134553	152599	159024	165656	2869	81	129938	8857	18131	21316	28611	41489	69328	100797	114831	126456	2784	67	153188	8250	20321	26083	35896	48807	75579	103626	117238	127824	2848	70	124243	10535	25889	33743	41765	50282	64886	89330	117458	145749	2833	71	131212	14892	38009	46188	64207	71176	86261	115846	146069	168527	2928	71	148551	16861	37357	45879	54494	69866	100186	121970	132508	139351	3103	78	174744	13358	27640	31731	37990	53401	83214	109621	127136	135887	76	64
197021	13518	34140	39162	48118	56612	79098	119619	154978	185499	76	80	175366	9836	20361	26847	49273	87994	136728	158065	163819	169429	2987	78	132171	9041	18799	21756	29177	42391	69868	102559	117528	128816	2946	74	154147	8567	20703	26543	36443	48976	77392	105559	120732	130635	2944	77	126715	10880	26224	34102	42157	50724	64991	89882	118700	148849	2973	68	134391	15453	38340	46462	64495	71746	86660	117488	147683	171584	2989	76	149979	17337	38251	46660	55382	70683	100531	124574	134794	142885	3293	78	178148	13561	28339	31900	38253	53624	84233	111352	128756	138599	80	75
200466	13906	35035	39755	48526	56510	79820	120719	158471	187085	73	70	179840	10156	21105	27134	49245	88231	138635	160516	167616	175899	3091	80	134424	9374	18952	21854	29466	43032	71024	104420	121025	130774	2959	73	159436	8881	21238	27260	37185	50320	77798	107988	123559	134037	3067	74	127724	11216	26805	34544	43390	51324	66419	90764	120372	150812	3025	69	137996	16009	38897	47139	64572	72801	87139	117215	150023	173380	3208	71	153939	18080	38277	47323	56108	71709	102951	126347	137448	145922	3514	74	184051	14076	28371	32868	38849	54571	84705	112942	131072	141261	82	70
205676	14562	35223	40219	48701	57747	80029	122346	160662	192554	77	75	182546	10567	20996	27231	49008	88279	140710	163230	167948	178396	3256	68	136909	9681	19398	22695	30113	43120	72070	106497	122891	135121	3108	75	160957	9266	21683	27688	37558	50822	79814	108945	127285	137527	3144	74	130171	11678	27031	34791	43653	51872	67470	91506	120641	152826	3250	83	140675	16233	38939	47471	65239	73384	87594	117388	152157	176205	3359	80	155443	18218	38952	47844	56978	72501	103643	128170	139606	148101	3659	82	187557	14193	28874	32907	39344	55396	85415	114169	132896	143330	81	72
207918	14842	35925	40662	49900	57892	80847	123165	162753	195880	70	80	186713	10750	21361	27478	49079	88873	141325	164079	172074	180011	3387	76	139950	10035	19960	22884	30389	44036	73329	107901	125121	137022	3333	69	165659	9159	22083	28071	38443	52166	80881	112213	129083	139678	3346	70	132867	11967	27559	35204	43769	53014	68203	91678	122293	154906	3411	82	141842	16636	39312	47139	65955	74141	88022	118787	153457	179253	3530	72	160006	18753	39365	47981	57376	72975	104722	129698	141961	150064	3913	79	191094	14720	29783	33650	39870	55444	86531	114632	134740	145508	72	77
212436	15327	35862	40855	50494	58822	81880	123582	166350	199695	78	76	187123	11222	21591	27592	49342	89508	143458	166765	174521	180698	3524	72	141255	10479	20278	23346	31193	45000	74171	109388	127286	139043	3502	86	168191	9742	22374	28386	38765	52619	82535	113227	130913	142248	3469	68	135455	12542	27757	35595	44058	53236	68822	91900	123559	156043	3527	73	145384	17124	39538	47797	66468	74862	88641	119863	155345	181657	3691	69	162097	19022	39890	48563	57424	74047	105108	131261	143023	152402	3985	81	193458	14794	29563	33753	40141	56369	87429	116520	135738	147396	71	81
217075	15679	36495	41432	49912	59061	82745	124008	168525	201000	72	84	191619	11560	21898	27872	49592	88073	142925	168700	174768	183448	3644	73	143055	10702	20642	23807	31379	45314	75289	111736	128511	141045	3616	75	172768	9909	22804	28929	39476	53768	82670	116032	133105	145592	3570	70	136446	12964	27773	35569	44639	54660	70084	92435	124539	157384	3674	75	146379	17466	40092	48233	66687	75306	89675	119994	156603	181795	3774	72	164668	19330	40415	48735	58173	75247	107041	131731	145057	154210	4220	79	198306	15227	30366	33924	40955	57171	88194	117038	137437	147841	82	75
217387	16040	36876	42323	50837	59536	83200	126205	169980	203505	71	78	194996	11869	21848	28190	49656	88713	143591	169753	175937	185054	3819	72	146106	11072	21306	24137	32120	45982	76150	111694	130318	145909	3770	86	174335	10206	22866	29226	40163	54579	83595	116470	134706	146389	3734	73	140903	13080	28100	36546	45144	55382	71150	93785	124905	161454	3795	77	149379	17654	39726	48408	66859	75716	89584	120733	157363	185603	3976	86	167652	19551	40700	49166	58229	76064	108245	133351	146782	154564	4475	86	198698	15613	30542	34625	41159	57576	89477	119143	139496	150524	76	77
222184	16515	37425	42161	51222	60242	83981	127244	170458	206702	72	81	196430	12161	22301	28242	49536	87285	144133	171160	177541	187674	3950	73	147566	11158	21515	24327	32500	46730	77036	112924	132828	146631	3941	71	176133	10376	23521	29272	40247	55711	84793	117679	136807	148967	3942	73	142548	13459	28917	36425	45543	55087	71093	94719	127032	162460	4021	78	149734	18291	40394	48275	66826	76704	90465	121040	158543	187018	4079	84	170021	20073	40789	49385	59034	75764	108465	134663	147785	157381	4671	86	202346	15779	31153	34858	41255	57953	89816	119708	140720	152650	64	70
224401	16890	38014	43071	51940	61137	84799	127983	172772	209187	79	75	199131	12366	22399	28519	49117	87707	145327	172925	179912	188859	4109	72	149825	11525	21772	24815	33080	47130	77993	113991	134570	148659	3946	76	177591	10810	23881	29926	40666	56380	86965	118896	137761	151854	4058	69	146066	13854	28626	36429	46120	56298	71695	94528	127866	162316	4112	73	154408	18402	40263	48643	66679	76982	90897	122122	159556	189287	4264	77	171647	20307	41495	49850	59516	76211	109674	135893	149166	157039	4807	88	205527	16201	31073	35253	41598	58966	91358	120877	141766	153686	82	70
225913	17248	38655	42912	52527	61769	85705	129483	173424	210380	76	80	199768	12700	22818	28746	48755	87177	145454	173206	181362	189950	4240	76	152741	11888	22162	25110	33253	47864	79478	115046	134451	150455	4172	76	180037	11071	24338	30268	41148	57003	88068	119932	139733	152173	4182	73	147992	14052	29277	36977	46682	56925	72161	94728	128061	164834	4223	73	156261	18551	40764	49105	67727	77332	91536	122280	161435	188839	4362	84	172995	20839	41865	50519	60294	77816	110996	137365	150878	159224	5011	81	206708	16395	31622	35660	42009	59236	92530	122327	143101	155340	77	84
230416	17256	38603	43778	52980	63010	85807	128632	174798	211769	70	72	201387	12904	23051	28830	48591	85669	145294	174778	183407	190861	4461	77	153970	12130	22769	25552	33696	48258	79831	116721	135620	153579	4325	79	182925	11216	24389	30761	41906	57537	89480	122564	141023	155095	4346	72	151259	14302	29410	37251	47281	58457	72786	95383	129079	166049	4380	86	158040	19000	40577	48921	67682	77506	92384	121953	162573	190832	4585	77	175615	21087	42528	50696	60051	77071	112291	139817	152756	162103	5154	78	207781	16741	31458	35969	42441	59226	92648	123509	144810	156948	77	82
230438	17772	38754	44098	53733	62761	86042	130371	175611	213001	72	76	203178	13107	23123	29301	48860	86613	146142	176483	184254	193526	4542	72	155998	12578	22851	26087	34048	48381	80549	117118	137097	154217	4493	77	183755	11570	24955	30906	42125	58486	90206	123469	143126	155987	4488	78	152216	14673	29587	37859	47858	58159	73058	95627	130005	167556	4507	73	160555	19307	41332	49275	68077	78215	92266	123563	162823	191356	4774	82	175807	21093	42633	50815	60586	78095	113014	141867	154289	164059	5371	78	209999	17081	32167	36156	42850	60094	94793	124619	147369	158524	69	73
232972	18241	39844	45054	54211	63770	86285	130887	177189	215415	79	78	205919	13401	23303	29332	48707	85946	146357	177280	184196	194609	4617	73	158713	12874	23288	26219	34071	48746	81223	118464	138435	154587	4574	74	186098	11861	25241	31203	42500	58748	92144	124698	143965	158252	4579	75	154978	15010	29587	38140	48476	58579	73758	96001	131484	168850	4732	77	162459	19679	41282	49531	68304	78512	92264	124173	162332	195562	4924	81	178372	21427	43197	51233	60939	78752	114102	142711	156256	166175	5572	81	212057	17262	32439	36774	43019	60277	94023	125984	149018	160490	79	77
234421	18608	40326	45584	54275	63690	86932	131170	178769	218896	79	79	206046	13665	23573	29508	49455	85440	147557	177761	188206	196305	4838	80	161474	13066	23634	26462	34544	49268	81974	120727	139024	157014	4663	88	187213	12059	25407	31862	42679	58974	93236	127006	145562	160709	4704	71	153340	15201	30034	38979	49333	59377	73785	95759	131200	169297	4806	73	163807	20147	41590	48902	68405	78244	92287	123199	165413	194229	5071	82	180072	22061	43723	51722	60657	78110	115648	143780	157266	167005	5724	87	213416	17494	32912	36600	42922	60742	95299	126995	149990	163259	84	74
235959	18721	40686	46412	55602	64185	86626	131259	179325	219610	78	77	207698	14024	23741	29701	49031	85653	147340	178846	186907	197687	4883	64	162988	13501	24276	26853	34411	48956	83203	120982	142045	158226	4794	73	187570	12247	25905	31942	42535	59916	93490	128621	149008	163360	4846	77	159568	15645	30346	38680	49654	59398	74933	96378	131575	170583	5011	89	166426	20163	41625	50366	68956	79313	93003	124602	166283	195132	5208	73	180855	22315	44036	51515	60467	78762	115014	145010	158859	169916	5822	80	214381	17776	32789	37118	43245	60715	96088	127948	150053	164233	81	81
236789	19335	41566	46874	55617	64691	86806	132906	179482	221539	85	76	208462	14425	23911	30063	49580	85568	147632	180739	189266	198559	5078	78	164191	13828	24728	26944	34518	49610	83176	121805	143555	161016	4947	68	190442	12715	26187	32539	43487	60471	94657	129431	150280	163137	4954	74	159693	15915	30437	39777	50051	60044	74836	96128	131907	170252	5139	81	167601	20424	41888	50050	69380	79452	93256	123553	166383	197037	5418	76	182857	22574	44596	51647	61283	77855	116505	145906	160241	170967	6059	83	216641	18275	33454	37072	43530	61097	97203	128230	152529	165816	82	79
239146	19706	42164	47529	56869	64842	88418	131602	179697	223702	75	71	208443	14441	24798	30272	49511	84728	148790	181461	191192	199590	5177	67	167496	13960	24868	27454	34555	49552	83185	122784	144234	162185	5200	87	190344	12714	26267	32667	43079	60625	96402	130847	150715	165233	4997	83	161625	16437	31416	40191	50454	59935	75219	95803	132117	171110	5307	68	168787	20789	42383	50806	69472	79758	92752	124444	166661	196804	5436	79	182953	22814	45110	52498	60876	79303	116688	147494	161815	173024	6135	83	217798	18217	33396	37374	43449	61322	97034	130001	153825	167991	77	86
239663	19971	42763	47849	56800	65257	87705	132695	181498	223073	71	76	210079	15036	25037	30473	49367	84429	148470	182581	192896	200619	5398	70	168761	14479	24985	27605	34729	49877	84103	123615	147157	164884	5236	77	190920	13151	26955	32710	43418	61378	96158	130975	152572	166451	5295	78	164159	16515	31953	40904	50750	60217	75239	95624	132284	170936	5404	75	169820	20780	42668	51111	69985	78987	92774	122795	167632	197953	5662	80	184145	23177	45633	52516	61022	79603	116566	146248	163169	173246	6395	91	220445	18651	33846	37882	43420	61795	97384	131199	154647	169179	87	83
245026	20383	42977	48611	57063	65687	88923	131641	181205	225620	82	74	209755	15080	25623	31023	48825	84606	151005	183916	193470	201643	5425	81	170225	14752	25433	27872	35579	50085	84651	125203	146768	165280	5341	79	191938	13188	26872	33014	43537	61814	97624	131391	154146	168425	5370	70	165495	16698	32059	41241	51416	60869	76008	95912	131768	170716	5561	79	172572	21212	43196	51469	70149	79862	93427	123248	166361	199131	5752	78	184662	23362	45179	51992	60788	78952	117752	149706	164124	175360	6518	84	221022	18977	34133	37867	43867	62068	98568	131779	154918	171855	80	73
245185	20761	44159	49482	57411	66270	88059	132102	181546	225114	76	78	211968	15441	25592	31225	49627	85188	150894	185787	194447	202907	5592	81	171967	15110	25560	28396	35276	50221	85351	125213	148693	164913	5446	67	193289	13504	27006	33367	44542	62412	98513	132209	154188	168704	5548	81	165859	17020	32964	41562	51217	61007	75478	97072	131415	171679	5679	82	173099	21496	43858	51462	70737	80328	93330	124349	166603	198772	5921	71	186466	23588	45934	52493	61286	79133	117617	150102	165003	177169	6611	80	225017	19265	34084	38010	43971	61524	97712	131666	155581	171062	79	81
248581	20974	44367	49725	57827	66417	89020	131976	181552	225663	82	80	216007	15542	25881	31283	49073	84191	151711	187248	197002	206347	5698	87	174510	15378	25995	27979	35689	50867	85363	127033	150422	168166	5647	82	193555	13805	27662	33523	44252	62771	99147	133281	155306	172107	5593	85	169331	17357	33264	42343	51941	61288	75798	95822	131686	170254	5806	76	174615	21935	43853	52523	70600	80742	92636	122963	167937	197696	5997	77	188842	24111	46619	52951	61679	79732	118833	151510	167164	176873	6854	86	226488	19399	34496	38348	43674	62512	98781	132557	158969	173359	82	84
284780	21329	45264	50515	57953	67165	88619	132099	181593	223200	73	77	216600	15957	26471	31642	49685	83916	151564	190174	197330	205783	5718	77	175069	15675	26262	28290	35780	51270	86284	125986	149775	168844	5636	85	195371	14023	27886	34041	44431	63312	99100	133717	157224	173387	5761	84	170480	17566	33563	42403	51833	62027	76239	95568	130499	168523	5904	85	176249	21884	44421	52690	70423	80170	93007	122903	165114	200389	6122	82	188964	24181	46536	53077	60743	79352	119229	151663	167684	179460	6897	95	228392	19486	34744	38413	44408	62384	99449	132997	158769	173719	80	78
286861	21641	45404	51191	58894	66441	89529	132752	181993	226008	81	77	220383	16438	26747	31886	49401	83582	152344	188364	199038	206255	5888	73	176658	16099	26801	28883	36290	51403	86699	126659	151237	170195	5857	74	197074	14103	27818	33925	45499	63889	98594	134998	159272	173018	5844	67	172603	18022	34064	43274	52614	61579	76196	96158	131411	171027	6033	79	178063	22126	44533	52927	70118	80415	93452	123207	167022	198658	6285	84	190506	24362	46741	53057	61590	80494	118817	151443	167999	178905	7183	93	229308	19942	34885	38462	44277	63138	99629	132699	159720	173629	77	81
291193	22094	45784	51389	59158	66986	89691	132272	182679	226349	84	82	219999	16629	26978	32317	49570	83396	153954	191192	200296	207358	6030	75	178314	16333	27042	28918	36440	51826	87566	127874	151449	171352	6030	82	198829	14455	28190	34284	45261	63966	99689	134497	158351	175764	5852	80	172972	18188	34477	43133	52556	61797	76293	96071	130914	170284	6123	79	179053	22581	44964	52676	70550	80383	93224	123236	166358	198453	6430	74	190093	24726	47291	53398	61651	80192	119358	151470	167289	180633	7204	90	228864	20045	34996	38777	44838	63126	99871	134438	161227	175867	83	84
289996	22412	46051	51707	59053	67458	89176	132646	181110	227937	74	78	222235	16977	27121	32415	49188	83921	153715	192709	202997	209782	6121	87	179944	16659	27252	29207	37032	52238	87665	128199	151654	172991	6100	79	199996	14726	28760	34679	45540	64657	100191	135060	158425	176594	6114	73	173014	18365	34381	43640	52818	61706	76552	95584	130041	170660	6230	76	180605	22834	45665	53469	71147	80393	93722	123903	165938	197196	6407	76	190128	25075	47142	53585	61110	80617	119665	151073	169489	181458	7355	94	234042	20285	35529	38676	44848	64011	99816	134474	160921	175557	89	88
292486	23105	46708	52454	58767	67177	90261	133484	182347	228674	72	84	224013	17284	27484	32665	49600	83713	154022	194542	204265	209708	6268	79	182312	16910	27438	29179	36660	52067	87671	128645	152914	173558	6231	74	201210	14885	28814	34599	45517	64603	100486	135222	159554	176250	6280	76	175249	18869	35314	43831	53176	61584	77327	95617	130617	170051	6361	69	182313	23208	46469	53794	71396	80404	92975	123269	167650	199136	6562	85	191372	24988	48046	53382	61729	80476	120147	152610	170213	181467	7452	77	235627	20566	35721	38803	45012	63861	99966	135153	160197	176131	82	79
292599	23573	46878	52462	59741	68005	90628	132291	182793	226779	87	73	226521	17633	27692	32741	49527	83651	155765	194441	203989	213329	6361	87	183184	17064	27833	29474	37120	52450	88443	127931	152753	173931	6229	77	202307	15331	28999	34698	46103	64997	101200	135870	158854	177405	6350	80	179432	19255	35709	44215	53249	62550	76705	96792	130882	170962	6467	77	183656	23491	46096	54309	71508	80399	92657	123268	167292	198717	6575	81	195995	25231	48433	53739	62044	80121	120093	155525	170663	182432	7635	82	237481	21125	35900	39215	45595	64127	101143	134955	162213	178100	77	85
296336	23750	47952	52526	59769	68350	90440	133436	182731	228185	77	80	228583	17937	28028	33207	49894	82930	155370	195608	205515	212346	6451	70	184276	17559	27553	29805	36879	53296	88668	129438	153895	175209	6427	90	203796	15350	29220	34934	46146	65618	100931	136464	160459	176951	6449	88	180139	19674	35794	44393	53321	62418	77505	96317	130733	171992	6521	76	183516	23793	46608	54791	70793	80957	94274	122816	167006	198192	6829	76	194781	25734	48159	53172	61806	80512	121272	154543	171579	183075	7762	91	238975	21311	36059	39222	45869	64841	101382	136525	162430	177722	77	84
299759	24293	48351	53368	59839	68094	91264	132740	183290	226555	79	76	232688	18215	28171	33503	49991	83153	156522	195501	205629	214193	6510	80	185331	17784	27724	30143	36942	52734	89787	128707	154077	175300	6499	83	205813	15780	29631	35313	46589	65952	102316	136607	161531	178376	6584	76	181945	19639	36421	44709	53436	62625	77599	95741	131268	171174	6605	77	184905	24111	47283	54621	71607	80246	93414	123555	167270	199700	6879	73	198126	25972	48592	53370	62019	80940	122117	153553	171170	184252	7984	93	241517	21685	36366	39914	45877	65068	100670	134923	162995	177573	84	84
298838	24964	48727	53639	60307	68744	91986	133404	181041	228216	82	78	231633	18506	28636	33335	49414	82949	155261	196048	206220	215860	6641	78	187262	18156	28132	30452	38129	53418	89393	129540	154686	176642	6593	84	207737	15787	29806	34947	46754	66192	102727	137584	161544	178257	6568	74	180939	20015	36629	44726	53787	62727	77556	96070	131281	171046	6792	91	184371	24248	47375	54620	71470	80762	93214	123734	167752	199892	6954	71	199611	25862	48527	53063	62148	80317	121386	154589	172887	184758	7935	89	244805	21839	36275	39474	46055	64859	100738	135162	163293	178524	79	82
301953	25325	48919	53760	61144	68053	92146	133374	182503	228828	89	79	235296	18807	28923	33661	49387	83281	157396	197045	208119	216622	6725	73	188955	18235	28413	30711	37429	53718	90031	130171	155433	176470	6634	80	208032	16183	30107	35551	47132	66803	102712	137055	160710	180431	6723	75	183274	20425	37447	45682	53693	62991	77128	95943	130999	170573	6826	81	185733	24346	47462	55342	71600	81277	93422	123695	167493	199895	7150	78	201126	26204	48428	53544	62344	81481	121701	155271	171369	185817	8036	87	247824	22309	36861	40008	46240	65635	101221	136823	163680	179268	88	78
303405	25354	49563	54268	60547	69282	90906	133404	183402	230151	81	76	238004	19245	28939	33685	49909	82317	156651	197404	209363	215655	6818	77	188352	18512	28663	30725	38391	53710	90166	130564	154606	177630	6785	83	209281	16305	30079	35461	46833	66136	102357	138526	161910	178946	6927	85	182551	20668	37542	45778	54282	63613	77523	95880	131044	170926	6934	78	185146	24864	48344	55805	71300	81019	94132	123151	167112	199029	7177	78	202712	26663	48626	53551	62587	81220	122449	155394	172157	186478	8103	95	247127	22411	36701	40235	46344	65374	101888	137677	162708	178761	81	84
305817	26071	50172	54410	60679	68904	91096	133816	183913	228405	71	77	238433	19637	29197	34056	49961	83125	156674	197966	208898	217365	6998	81	190163	19131	29046	31265	38060	54709	90309	131477	155210	177329	6909	78	210939	16781	30508	35407	47446	66867	103135	137431	160512	181082	6847	79	183733	20928	38003	45606	54190	63033	77490	96432	131626	171299	6995	86	186218	25248	48533	55503	72040	81069	93167	122935	167559	199802	7197	83	203256	26803	49220	53573	62370	81735	122499	156065	172545	185661	8343	96	249461	22613	36995	40242	46767	65654	102290	135501	164348	179986	87	78
304359	26370	50635	54837	60571	69202	91708	134284	184186	229871	90	75	241489	20003	29357	34012	50382	82535	157213	200086	210724	218150	7062	80	190999	19123	29273	31393	38590	54874	90337	130363	156678	177604	6998	88	212425	16915	30119	36063	47855	67632	103751	137875	162065	180810	6989	92	183814	21515	38048	45544	54225	63434	76994	96172	131163	171089	7082	84	187413	25589	48577	56254	71565	81492	93122	122292	168013	200821	7359	77	205571	27245	48878	53650	62822	81974	122896	157659	173330	187651	8442	86	285938	22873	37020	40681	46815	66093	102351	136657	163765	179051	88	84
309365	27001	50873	55254	61332	69666	91518	132822	183375	229730	82	82	241522	20007	29556	34450	49994	83104	158259	200020	210515	217124	7086	82	193127	19483	29724	31632	38627	55271	91848	131039	156401	179043	7117	76	215585	17060	30427	36308	47924	67979	103548	137455	161250	182117	7041	84	185228	21600	38901	46563	54568	63317	77577	95638	131385	171313	7210	80	187815	25760	48902	56328	72445	80765	93399	122879	166843	200295	7415	80	207321	27419	49296	53773	62964	81902	122796	156417	174089	187362	8605	101	253183	22987	37786	40504	47116	66927	102725	137961	164508	182341	78	83
310824	26971	50973	55652	61680	69936	91991	133909	184998	230642	80	95	244382	20309	29905	34781	50105	82623	157398	199570	211706	220185	7166	83	194645	19957	29576	31832	39349	55081	91508	131209	157111	179076	7155	89	215448	17429	30625	36084	48098	68232	103588	138940	162934	182283	7238	87	186032	21778	38522	46789	54658	63397	77755	96618	130556	170795	7228	81	192041	26099	49708	56316	71599	81078	93265	122420	166964	199150	7579	82	207951	27675	49282	53477	62481	82363	123455	157670	173882	186874	8671	98	290919	23393	37663	41053	47310	66823	102371	137042	164266	181395	94	77
311234	27538	51817	56127	62020	70116	91977	134308	185315	228951	82	82	281025	20533	30264	34711	49639	82103	156821	200066	212304	220370	7302	76	196940	20148	30529	31880	38759	55333	92202	130992	158335	179801	7281	86	218406	17670	31016	36479	48803	68016	104468	138253	163142	181562	7302	72	189091	22012	39546	46945	54621	63850	78003	96258	131055	170973	7421	87	191549	26583	49554	56776	72165	80363	93000	123464	166721	201253	7661	78	209603	28307	49384	54032	63103	82083	124012	157001	175526	189282	8675	86	291940	23389	37957	40979	47477	66940	103155	137575	164816	181911	87	91
309238	27957	51994	55990	62608	70115	92425	133500	185480	231189	82	80	250670	20760	30416	34700	50018	82800	157642	200307	213256	220910	7373	82	197807	20588	30530	32149	39352	56152	92170	130894	157704	180210	7271	86	219184	17742	31045	36805	48369	67955	104012	139107	162459	181780	7359	88	190368	22216	39587	46792	54984	63209	77561	95169	131244	171509	7434	76	193566	26951	49880	57428	71929	81309	92611	122995	167963	199745	7748	86	212094	28421	48981	54089	62878	82145	124532	157927	175338	189250	8880	95	295948	23680	37915	41499	48087	67145	103881	138510	163800	183567	86	79
314133	28378	52152	55847	62083	69695	92159	134419	184499	231121	88	83	285531	21228	30215	35192	49903	82452	157937	202820	214727	220652	7481	85	198397	20752	30516	32455	39668	55934	92840	131033	158019	180819	7485	81	220210	18128	31498	36665	48752	68955	104399	139019	162792	180670	7528	88	191534	22655	39687	47368	54448	63372	77363	95993	131110	171749	7537	75	194066	27218	50234	56754	72137	80678	92547	122392	167409	200406	7837	81	213406	28550	49299	54270	63137	82255	124573	157856	175011	188717	8924	105	297018	24159	38356	41105	48068	68139	104610	138724	165899	182157	84	81
313635	28675	52885	56255	62657	70001	92675	135074	186855	232296	77	82	288448	21683	30711	35395	50217	81992	158709	201340	215421	221501	7559	76	202821	20878	30823	32411	39498	56355	92539	131389	157510	181673	7436	79	220395	18234	31776	36895	49009	69081	105409	137165	164147	181788	7586	82	193363	23074	39776	47816	55173	64236	77509	95724	131299	171902	7617	79	195138	27272	50485	58014	72381	81260	92725	123033	167008	201108	7896	74	214075	28631	49492	54684	64021	82809	125296	158159	176045	189513	9034	98	296924	24056	38324	41222	47588	67242	103933	137761	165514	182999	85	90
311092	29251	52857	56216	62118	70274	92470	134944	184395	233184	86	84	289077	21802	30594	35400	50227	83088	158960	203508	216023	222467	7591	81	202591	21363	31118	32663	40021	56894	92640	131526	158280	181247	7546	80	220892	18474	31864	37464	49131	68857	104606	138591	162520	182886	7630	76	192977	23447	40511	47525	55535	64243	77552	96103	130533	172208	7662	71	197220	27617	50526	57815	72502	81281	93156	122624	167765	200807	7947	77	216449	28834	49608	54447	63519	83133	124076	158519	176617	189501	9128	105	299975	24365	38436	41519	48213	67844	104222	138032	164837	182960	94	90
314390	28989	53669	56979	62387	70833	93612	135452	187659	233892	85	80	291535	22119	31151	35844	50702	82444	159397	204937	213895	222189	7714	85	204481	21654	31395	32882	39819	56265	93255	132906	157614	181472	7613	80	223522	18629	32044	37485	49520	69542	105070	138865	163003	181514	7762	85	195391	23374	40619	48194	55350	64090	78563	95463	130870	171133	7844	82	198523	28124	51305	58179	72646	80536	93582	123196	166366	201150	8093	89	218920	29471	49955	54500	63748	82850	123879	158166	176399	190309	9223	94	302949	24536	39008	42248	48289	68609	104611	138805	166013	182132	85	94
315209	29548	53511	57086	62445	71059	92904	135462	187445	234054	78	84	294828	22355	30923	35949	50300	83188	160507	204164	216185	223088	7737	80	205837	22017	31654	33268	39963	57110	93618	131516	157141	182078	7671	89	224457	18650	32543	37749	49513	69054	104687	139522	163713	183237	7750	79	197580	23565	41208	47697	55531	64174	77269	96182	129754	172557	7837	80	200022	28334	51122	57947	72097	81228	93374	122209	169066	201717	8075	77	217913	29426	49604	54489	64070	83505	124124	158540	176337	190496	9352	100	302479	24868	38579	42119	48103	68642	105243	139005	166748	183876	84	87
315849	30007	53545	57487	63003	71212	92766	135413	186829	235391	87	80	296123	22766	31618	35783	50462	82469	159873	204506	216730	225614	7806	83	208403	22103	31456	33337	40162	56710	93831	131737	157841	181156	7757	84	224802	19105	32564	37709	49875	69762	105404	137785	163553	183643	7840	83	199695	24115	41195	48407	55283	63421	77323	95271	132023	172458	7863	86	200098	28537	51281	58443	72371	80737	93047	122781	168776	202146	8272	77	218976	29702	49891	54926	64224	83653	125198	158607	177319	190990	9347	101	302428	24777	38785	42404	48270	68923	104304	138802	167753	183913	85	88
316953	30251	54283	57706	62879	71393	92700	135913	186840	234531	75	84	295388	22946	31337	35972	50444	82654	160744	205366	216516	226310	7883	79	210068	22615	31631	33475	40292	57255	94215	130823	158288	183299	7950	90	223912	19390	32704	38080	49614	70095	105341	139136	163237	183335	7981	74	201503	24289	40891	48347	55506	64232	77731	95717	131492	171830	7945	87	203020	28914	51403	58821	71597	81419	92391	122673	167922	202230	8294	73	222112	29884	49423	55106	63699	84134	124689	159571	176645	190560	9515	104	305727	25067	39460	42247	48773	68242	105934	138933	165013	185110	87	86
317726	30761	54451	58267	62869	71241	93184	135352	187700	233632	88	91	298560	23194	31997	36271	50815	82165	159712	203798	217894	227913	8086	80	211230	22616	32218	33556	40390	57689	94262	131918	157919	182482	7852	92	225995	19548	33042	38448	50363	70452	105883	139158	163240	183382	7904	86	204037	24900	41481	48152	55352	64465	77598	95768	130790	172899	8053	89	206213	29093	51870	58937	72348	80920	92645	122874	168441	201056	8260	84	221765	30077	49620	54968	64756	84293	125175	158105	176417	189876	9564	93	307123	25074	39357	42693	48686	68884	105577	138327	166481	183449	84	83
321868	30809	54950	58072	63376	71444	93313	137478	188273	235718	95	83	300590	23256	31668	36490	50718	82801	161222	206694	216544	228178	8092	77	212711	22914	32428	34134	40572	57295	94584	132264	157695	182788	7930	78	224691	19231	33001	38271	49805	70712	105707	138551	162429	182252	8036	83	203440	25000	41489	48797	55844	64509	78136	96059	131683	172956	8221	80	206181	29676	52401	59013	72086	80773	92987	122450	167266	202521	8447	82	220487	29964	49807	55239	64732	83977	125758	158929	177145	191574	9739	107	305218	25504	39336	42610	49428	70104	105275	139362	166842	183136	82	86
321421	30883	55372	58327	63529	71373	93109	136728	188514	234040	81	81	300666	23411	32060	36369	50715	82711	160581	208283	220285	227963	8041	83	213133	23217	32693	33967	40680	58018	94658	132184	158262	182938	8134	76	227086	19757	33229	38520	49912	70830	105588	139288	162928	182337	8038	83	206387	25208	42137	48781	55801	65055	77463	95561	130794	172611	8295	83	207381	29974	52188	59520	72424	81207	91759	122779	167464	202799	8586	78	224131	30028	49601	55539	64208	83979	124974	159526	177172	190328	9712	90	306804	25745	39872	42687	48714	69415	106234	137906	166918	183863	86	85
321732	31166	55184	58466	63202	72412	92458	136587	189261	235880	81	77	300275	23845	32150	36679	51448	82702	161835	209332	219523	228084	8226	80	216763	23217	32606	34524	41247	58667	94406	131634	157308	181700	8119	83	228614	19782	33431	38859	50300	70642	105911	139505	163883	182378	8363	86	205915	25348	42099	49472	56651	65082	77909	94673	131448	172396	8295	87	208570	30035	52805	58983	72002	81158	93000	122502	167706	202429	8563	85	223749	30584	50356	55494	64992	84217	125398	157917	176600	191016	9775	93	310084	25851	39879	42790	48880	69320	105512	138308	165693	184168	82	86
322176	31421	55329	58232	63547	71631	92514	135135	188174	237499	89	84	304307	23703	32558	37041	50972	82736	161948	207286	221625	231060	8310	82	220544	23606	32809	34138	41572	58088	94443	131743	156928	183185	8234	86	227210	20019	33561	38889	50380	71038	105527	138630	164318	182987	8431	86	208789	25947	42321	48787	56239	65358	77831	95789	131105	172013	8449	84	212205	30387	52732	59544	72530	81234	92295	123448	167458	201888	8583	78	223866	30432	50238	55311	64397	84648	126852	159506	177505	190425	9993	101	311738	26172	40344	43356	49115	69923	106239	139153	166706	184107	81	88
323102	31826	55637	58800	64136	72482	93589	135771	189574	237632	87	77	304364	24354	32579	37284	51073	82411	162834	209911	222872	231003	8357	89	221016	23562	33162	34592	41481	58631	95322	131159	158180	181505	8201	87	229802	20207	33889	39207	51150	71758	106567	139459	162960	185243	8436	76	210775	25988	42885	49101	56777	65191	77739	95072	129509	171168	8466	87	213883	30711	53348	59584	72897	80703	92290	122377	167715	202319	8739	83	224098	30751	49841	55662	64919	84651	125386	159450	177769	190699	10057	104	309866	26499	40469	42969	49460	70116	106573	138998	166909	183628	81	79
321882	32278	55510	58969	64315	72650	93554	136472	188914	238027	82	88	303484	24481	33064	37179	50844	83430	162898	208581	222251	231592	8451	86	221177	23965	33090	34510	41272	59277	95114	132315	157089	181706	8294	88	228767	20480	33713	39308	51226	71798	106358	139542	162782	182303	8421	80	213543	26085	43086	49156	56712	65401	78476	94795	130329	171823	8521	80	214622	31052	53030	59652	72593	80673	91699	121768	166452	202655	8739	83	225262	30555	49967	55847	65035	84972	125195	157910	177889	191358	10160	100	311997	26468	40352	43372	49622	70239	106284	138611	166676	184117	87	79
325660	32735	56081	58709	64134	72414	94036	135802	191144	238283	87	90	306883	24575	33003	37261	51126	83353	163056	210288	224130	232187	8561	85	223565	24064	33488	34452	41330	59259	95686	132354	157404	182572	8426	85	230934	20202	34241	39351	51502	71194	106075	138812	162307	182646	8477	82	216769	26586	43250	49405	56886	64995	78360	94373	129335	170062	8612	87	216744	31309	53581	59938	73307	80901	91677	121184	167489	202030	8794	84	225346	30946	50325	55689	65154	85601	126173	158162	176824	191105	10286	97	312092	26541	40425	43607	49770	69987	106003	138519	166917	184561	83	99
325147	32712	55966	58927	64505	72641	93365	135797	189910	239175	84	83	305528	24784	33000	37500	51301	82896	165290	209880	222950	234045	8437	86	226685	24004	33700	35125	41704	59307	95112	131585	157859	184347	8512	74	230459	20703	34330	39640	50903	71488	107321	139152	162348	181865	8573	88	217042	26737	43369	49029	57051	65636	77884	93868	126719	169515	8728	83	219821	31456	53842	60092	73478	81092	91966	119753	166367	200459	9005	85	226965	31383	49901	56048	64482	84776	125864	157198	177266	190662	10354	104	312420	26948	40786	43594	49911	71196	106666	139351	164589	185815	88	82
326022	32544	56624	59006	63942	71969	93797	136410	191209	241211	95	85	308020	24896	33197	37515	51105	82768	163874	212049	224690	233383	8709	84	226471	24275	33645	35033	41726	59721	95882	131617	156806	182919	8599	81	231977	20746	34294	39633	51473	71891	106480	138356	161152	182608	8624	85	220869	26653	43545	49660	57052	65172	78022	94973	127066	167250	8821	84	219790	31648	53649	60132	72652	80559	91720	120020	164091	198903	9002	88	226675	31334	50224	56107	65007	86046	124851	158165	177825	190838	10389	113	313419	26864	41094	43483	49660	71387	106746	138058	166607	183002	82	92
325226	33113	56820	59019	64388	71888	94032	136396	190072	239516	86	83	309090	24984	33272	37313	50817	82370	165106	211721	225793	234485	8759	79	228178	24507	33649	35342	41864	60076	96193	131740	156804	183505	8587	84	232386	20889	34694	39805	51472	72382	106566	138336	160408	182853	8754	87	221716	26877	43769	49730	57203	65350	77764	94175	126324	166251	8894	90	222327	31971	54347	59799	73123	80749	91479	119315	162682	196429	9087	85	228467	31229	50440	56086	65484	85315	127458	159198	176820	190897	10431	99	314156	26923	40893	43676	49949	70146	106467	138549	164895	183222	96	81
329527	33100	57043	59478	64141	72728	93206	135725	190592	241384	83	83	310913	25119	33096	37582	51332	82419	165896	212061	224669	235491	8843	92	230568	24666	34187	35643	42152	60069	96384	131499	156886	182655	8781	75	231657	21022	34624	40361	51596	71802	107323	137811	162215	182052	8830	85	220906	27237	43989	49632	56985	65594	77542	93393	125549	165527	8898	86	223675	32355	54185	59794	73135	80925	91443	119156	163013	195955	9263	95	226438	31720	50358	56296	65081	85570	126328	158286	176599	191654	10729	96	312545	26975	41143	43510	49866	71528	107036	138536	165349	182705	80	90
330124	33717	56795	59728	64422	72359	92961	134543	188981	239264	86	88	312898	25469	33209	37306	51117	82161	165568	211934	224277	233480	9033	83	231937	25002	34137	35398	42155	59806	95353	130905	156309	183377	8816	98	230667	21122	34493	40070	51612	72391	106376	137711	161099	180856	8930	87	224518	27335	43816	50240	56917	65072	77976	92873	124068	163102	8958	93	225236	32438	54289	60742	73333	80827	90790	118871	162442	193882	9365	90	227174	31728	50076	55626	65521	85418	125486	157642	177273	191128	10613	96	315009	27134	41118	44182	50717	71692	106106	138568	165575	183973	95	98
328561	33807	57135	59787	64443	72364	93368	134531	188872	238599	94	77	313009	25510	33562	37618	50634	81666	164921	211001	224790	234628	8925	89	235705	25302	34382	35407	42527	60014	96519	131281	156654	183630	8900	80	232490	21096	34848	40252	51890	72910	107445	137667	160403	180626	9000	82	221758	27375	43964	49706	56945	65445	77642	92777	123622	162655	9103	76	227637	32644	54349	60832	72966	80357	90919	117799	160418	191399	9374	94	230784	32002	50307	56511	65552	84965	126927	157685	178739	192248	10745	100	317304	27406	41404	44072	50694	71515	106274	138263	166117	184518	88	81
332696	34217	56890	59680	64041	72169	93273	133222	186731	238862	87	83	313125	25784	33280	37674	51287	81962	164664	211006	221889	233416	8919	85	234302	25494	34666	35758	42596	60425	96700	131172	156765	182870	8956	80	233902	21080	34903	39956	51950	72968	106519	137575	160997	180405	9005	93	229081	27705	44015	50475	57396	65611	77819	93295	123574	161200	9137	83	227826	32626	54657	60643	72882	80969	91103	117449	159418	191784	9410	88	229036	32260	50586	56523	65787	85389	126229	157956	177453	191261	10830	107	317347	27538	41858	44427	50616	71628	106416	137736	165095	184571	95	85
333744	33975	56961	59717	64011	73041	93641	133106	187087	236655	82	94	314239	26090	33363	37738	51159	81977	164344	208032	219303	231868	9157	80	236956	25307	34598	35556	42633	61010	96221	130846	156372	183338	8991	84	234962	21526	35100	40407	52039	72426	106552	137701	160310	180793	9118	88	225663	27704	44028	49786	57250	65291	77383	92731	123662	161823	9233	84	229489	32733	54204	61183	72837	79949	90849	116449	157214	190147	9407	85	229315	31970	50868	56175	65395	85486	126079	157949	177218	191639	11013	96	318974	27823	41291	44420	50989	70780	106911	137657	164322	183642	93	91
333600	34301	56819	59781	64371	72937	93313	132549	185941	233737	93	92	316911	26156	33324	37799	50738	80296	163149	205887	217767	230242	9059	79	236891	25654	34595	35945	42759	61021	96074	131354	155988	183585	9061	83	236616	21369	35019	40436	52252	72990	106405	137244	160381	181104	9163	93	230082	27590	43524	50161	57593	65308	77345	92626	121988	160119	9116	88	232520	32830	54718	60563	72643	80384	90774	117092	157103	188929	9604	82	229985	32202	50493	56309	66414	85148	125902	156523	176380	190220	10971	97	318004	27883	41666	44253	50629	71358	106899	137350	164956	182952	90	93
331489	34460	56978	59876	64497	72280	93636	132193	182836	234164	91	93	317710	26152	33092	37755	50279	81182	161347	206994	217730	227022	9168	84	238434	25643	34993	35725	42845	61149	96221	130942	155253	183752	9185	93	237882	21849	35185	40376	51886	72950	107130	137846	159599	180514	9170	84	229561	28101	43754	49220	57583	64896	77779	91620	121646	157536	9315	89	233528	33259	54596	60744	73620	80422	91873	116194	156412	188094	9742	85	230042	32240	50415	56236	65671	85657	125485	156983	175693	190475	11252	100	317189	27915	41489	44230	50892	71722	107015	136814	166141	182495	90	84
334300	34815	57006	59668	64434	72221	92419	131953	182215	230233	83	86	320225	26183	33405	37387	50835	80764	160698	204323	215853	226789	9338	86	241715	25934	34941	36213	43225	61046	96309	131465	155363	181665	9203	83	236055	21593	35361	40458	52094	72506	106229	137071	158496	180855	9388	77	232522	28246	44018	49593	57160	65035	77448	91806	121369	157580	9348	82	234549	33188	54463	60954	72412	80038	90302	115376	155685	187201	9720	88	229294	32372	50556	56922	65998	85530	127120	157985	175988	188946	11320	106	317782	28476	41678	44266	51140	71319	107275	137521	163634	182316	96	100
334102	35087	56764	59076	64563	72981	92795	132105	181100	231450	78	94	316640	26772	33432	37570	50821	79741	159780	203720	214520	224929	9351	87	242381	26260	34826	36397	43619	61826	96788	130673	155239	180684	9288	83	237285	21840	35261	40585	52450	73031	107243	136836	159066	179131	9389	84	234164	28714	43673	49944	57044	65223	77471	91517	120674	157219	9493	84	235198	33599	54815	60970	72696	80218	90839	116016	154998	185336	9756	94	231215	32253	50791	56602	66045	85431	126196	157460	175614	188698	11293	97	320625	28332	41898	45071	51167	71174	106647	137442	164394	182387	92	95
332483	34994	56766	58953	64198	72930	92763	130372	180810	229000	102	81	317433	26854	33182	37741	50138	80666	159411	201041	212758	224062	9418	88	244419	26280	35544	36196	43454	62094	96699	130480	154498	181629	9379	85	239457	21909	35669	40928	52656	72806	105761	136711	159268	180074	9440	78	235686	28548	43756	49801	57015	64874	77163	90350	121118	154824	9504	90	236242	33734	54331	61037	72758	79814	89971	114516	154336	184596	9811	93	231387	32950	50916	56922	65625	85751	125658	156956	175774	188547	11282	109	318718	28452	41557	44574	51183	70895	106922	137412	165514	180636	94	90
333393	35163	56874	59087	64334	72113	93331	130564	179048	226961	91	89	319443	26837	33518	37287	50332	79521	157396	201014	211018	222359	9441	89	245769	26047	35016	36401	43711	61911	96292	129785	154489	180895	9349	92	237110	22099	35587	40457	52866	73133	106746	136690	158234	178512	9409	93	236875	28670	43868	49810	57155	65207	76682	91401	119491	154867	9642	92	239596	33729	54660	61367	72647	79675	90319	115568	153242	184093	9902	83	233320	32812	51092	56728	65714	85377	125844	156382	175831	188190	11556	103	320517	28444	41731	44953	51138	71172	106170	136950	163804	180734	98	94
336234	35597	56791	58998	64184	71814	92925	130235	179644	225743	87	86	318630	27102	33481	37286	50414	79183	156954	200487	209746	221885	9408	83	245795	26379	35439	36645	43858	62220	96786	131109	153892	180039	9506	86	236497	22146	35729	40835	53277	72888	105923	135912	157689	176520	9604	91	238361	29145	43571	50014	57299	65010	76177	91184	119509	154184	9648	87	240057	33826	54559	60934	72463	79819	89960	114683	152210	183659	10038	83	231233	32942	50997	56832	66197	84950	124920	156738	174570	188140	11501	106	320440	28632	41836	44372	51326	71644	107032	136842	162964	181346	97	90
335169	35568	56758	59213	64098	72028	93439	129265	176603	222138	98	76	323055	27443	33405	37131	50600	79973	156191	197874	210525	220295	9587	88	248367	26624	35312	36352	44074	61991	97333	129640	153497	180532	9528	96	238865	22356	35589	40954	53357	73080	105756	136382	158235	177026	9588	87	241177	29200	43570	49659	57379	64928	77442	91923	119154	153981	9635	84	240004	34228	54542	60790	72889	78990	90192	113610	152989	182182	10060	99	232520	33076	50590	56634	66272	85134	125743	155531	174071	188096	11497	105	317946	28605	42460	44468	51796	71819	106988	137097	163698	180400	101	89
335943	35748	56709	59519	64683	71343	92383	130023	176597	222635	86	93	321081	27266	33081	37337	50104	79503	155703	197988	208599	218079	9775	88	249179	26934	35165	36727	43893	61739	96906	129913	153065	179630	9558	91	238472	22377	36208	40986	53427	73460	106707	135766	157571	178085	9649	90	238813	29500	43470	50112	57462	64498	76555	90380	118066	153372	9754	97	242462	34152	54777	60668	72314	79493	89289	114473	151158	181296	10129	95	231994	33135	50740	56828	65846	85404	125369	156588	174951	187882	11626	102	319453	28865	41999	44753	51508	71933	106974	136368	163816	181198	85	93
332449	36135	56247	59453	64540	72185	91622	129510	177108	221929	92	92	318632	27538	33269	37332	50439	79252	154517	195980	207002	218457	9846	94	284410	26952	35340	36419	44412	62349	96422	130072	151770	178558	9739	101	238500	22729	36070	41204	52881	73026	106415	135621	156112	177890	9741	88	239744	29154	43315	50398	56730	64910	76816	90352	118145	151562	9916	91	240188	34111	55030	61015	71959	79582	89104	112812	152116	182032	10322	101	231525	33321	51051	56800	65668	84910	126365	156201	173199	187479	11787	118	316557	28942	42401	45107	51633	71543	105621	136429	162187	179818	85	87
332396	36196	55912	59406	64322	72337	91913	128411	176752	220197	87	90	321668	27570	32930	37219	50380	78817	155075	193474	207360	215159	9953	96	251702	26965	35578	36966	44052	62511	96447	129461	153116	178328	9651	93	237719	22547	35981	41042	53178	72841	105606	134869	157283	177343	9824	83	242041	29371	43183	49960	56873	64182	76780	90088	116397	151497	9951	79	243984	34369	54503	61109	72743	79468	88082	112833	150322	178826	10259	91	233516	33029	50827	57310	65949	84832	124713	154904	173774	186758	11848	105	316155	29314	42427	45017	51639	71532	106221	135706	161713	180162	88	87
330357	36284	56369	59264	64597	72495	91726	128747	175628	219869	87	89	321015	27629	33157	37681	50397	78618	153827	193827	205073	215523	9840	91	285026	27202	35582	37080	44511	62597	96765	129277	152048	178149	9831	92	236595	22723	36259	40962	53717	72881	105679	134750	156285	173719	9869	85	243062	29582	43220	50001	57715	64599	76210	90746	115952	150521	9935	86	243885	34600	54954	60651	72363	78713	89512	112111	148763	179102	10250	84	230961	33505	50948	57013	66023	84560	124329	155495	171794	187840	11808	98	312931	29050	42373	45039	51438	71312	105555	134833	161682	179013	99	96
330095	36214	55985	58813	64275	72205	92058	127778	174959	219309	96	88	319045	28110	33194	37638	50531	78585	152049	193492	205439	214013	10011	83	286924	27055	35735	37059	44202	62552	96581	128591	152304	177950	9853	91	236304	22833	36169	41509	53576	72994	105694	134473	155814	177089	9968	89	243335	29792	43836	50441	56741	64791	76574	90156	114969	149342	10072	80	245427	34854	55167	61213	72032	79212	88896	112074	148703	176824	10261	87	230825	33616	51131	56632	65918	84030	125561	154810	173370	185878	12087	100	312948	29568	42178	45063	51820	71179	106067	135818	160773	177220	95	77
328715	36381	56299	59606	64030	71519	91433	125749	173608	218681	91	86	317544	28237	33302	37575	50391	78686	151457	192769	205800	214265	9954	92	288889	27220	35708	36734	44510	62592	96260	128383	152024	177605	9730	88	235369	22846	36329	41340	53644	72795	105536	133993	154809	174789	9915	91	244329	29852	43426	50480	57285	64794	76154	89283	114500	148051	10018	96	245911	34789	54512	60147	71673	79462	88728	112139	147659	175737	10432	94	230175	33880	51147	57337	65781	83736	124472	154098	173468	184723	12093	110	312827	29476	42297	45189	51655	71910	105564	135835	161073	178491	98	93
323406	36670	55991	59583	63992	72502	90711	125973	171547	217146	99	80	317965	28305	33155	37680	50846	78982	152124	193731	202652	213394	10095	90	291880	27322	35629	36897	44915	61932	95954	128778	152868	177638	9997	104	233030	22972	36194	41217	53302	72713	105797	134549	153957	174674	10099	94	244924	30050	43341	50309	57060	64747	76494	89017	115786	147139	10157	89	247825	35243	54710	61212	71814	79335	88770	111228	146633	174221	10428	88	229392	33562	51294	57175	65782	83641	125485	155752	171249	185817	12213	101	308863	29730	42338	44884	51960	72131	104596	135694	160850	177769	96	95
323283	36428	56122	59342	64482	71747	91442	125502	170785	217414	89	90	314928	28549	32945	37642	50762	78365	151170	190417	201354	212633	10041	92	292324	27633	35971	37237	44367	62648	95973	127832	150482	177359	9979	95	233741	23023	36122	41883	54048	72969	105051	134831	154915	174606	10161	92	242720	30083	43264	50099	57219	64664	76619	89578	115340	146964	10149	92	249114	35256	54551	61209	72296	78807	88724	111183	146414	174805	10645	84	226116	33811	51511	57161	65892	83767	125189	153461	172283	185023	12325	102	306125	29787	42446	44927	52164	72264	104489	135414	161574	178792	87	92
318341	36753	55941	59221	64289	72148	90862	125567	170090	215712	92	87	312526	28788	33031	37999	50293	78309	151272	190997	202906	212645	10097	85	292497	27489	35842	37043	44326	62751	95035	128378	150618	176134	9974	94	232076	23285	36532	41675	53807	72567	104922	133486	154257	172925	10121	99	243716	30125	43460	50371	57404	64944	76655	89514	115198	146593	10304	89	249664	35317	54908	60644	72550	78807	88377	112201	146445	175147	10709	95	226493	33977	51269	57402	65859	83266	125429	155084	172124	186079	12511	115	307399	29849	42363	45420	52087	72277	105398	135799	160581	178374	88	93
320256	36791	55724	59583	64895	72093	90887	124617	169909	212191	86	92	307337	28690	32953	37808	50516	77501	150505	188191	201605	210065	10159	89	295380	28014	36232	37192	44889	63009	96390	128152	150626	176196	10074	93	229072	23208	36634	41587	53671	73071	104659	134574	154089	174094	10138	97	244427	30468	43669	50224	57055	65300	76403	89457	114493	147416	10283	94	286009	35609	54756	60564	71719	78735	89251	111364	145732	174209	10849	91	226840	34040	51614	57229	65401	84150	123755	153720	171705	183745	12573	104	304483	30086	42611	45049	52430	71611	104579	135256	160471	177526	95	88
316926	37227	55922	59724	64355	71910	91874	125458	170072	212422	95	96	310045	28847	33464	38009	50446	77990	149251	190507	202048	210161	10263	79	291687	27953	35663	36824	44593	62897	95629	128436	149228	175738	10110	98	226703	23277	36140	41626	53852	73365	104342	134375	154221	173655	10250	87	245987	30261	43423	50372	57452	64945	76214	89453	114875	146794	10430	94	285523	35726	54372	61036	71512	78303	88098	111412	145483	173792	10742	92	223746	34291	51796	57242	65984	84176	124339	154087	170934	184974	12739	110	301661	30083	42325	45200	51893	72069	104707	134234	159561	177510	103	92
315997	37119	56159	59021	64274	71927	91278	125768	169629	210718	91	93	306280	28721	33303	38172	50254	78046	149159	189302	200509	210597	10203	87	295971	28221	36031	37101	44569	63276	96017	128008	149446	175909	10158	99	226863	23165	36225	41542	53637	73618	104152	133582	153865	172595	10325	83	246727	30466	43652	50296	57464	64725	76757	89385	114974	146002	10411	90	285985	35668	54156	61004	71993	79143	89137	111145	145498	174662	10883	88	222849	34157	51482	57695	65776	83945	124812	153684	171981	184208	12647	107	299167	29866	42343	45207	51815	71358	104336	133471	159177	177258	93	90
315362	37110	55920	59900	63378	71527	91454	126516	168746	210018	90	90	304451	28931	33800	37888	50636	77606	148806	188470	199044	210338	10415	80	295834	27976	36309	37050	44259	63197	94471	128163	150592	175470	10186	93	227092	23433	36609	41650	53624	73639	103682	132550	153619	172666	10317	91	284130	30751	43673	50195	57196	65106	76099	89277	115141	146719	10500	85	251158	35901	54963	60734	71740	79383	87834	111095	146877	172266	10908	87	221930	34220	52065	56366	65854	83114	122814	153758	169545	183476	12677	116	299779	30243	42498	44969	52845	71703	104107	134345	160199	175114	94	84
311097	37261	55946	59471	64384	71605	91473	125676	168297	209423	84	89	304914	28664	33743	38195	50695	76723	148201	187952	198451	209622	10519	89	296787	28356	35729	37212	44621	62719	95946	128322	148131	174139	10438	99	223412	23467	36615	41745	53703	73250	104550	133876	152761	172245	10342	84	248186	30767	43531	50070	57364	64643	76306	90113	115416	146247	10608	92	287544	36068	54308	61120	71973	79475	88575	111341	145971	174779	10920	93	219905	34475	51790	57250	66224	83555	123382	154454	171729	183353	12696	110	299357	30366	42671	44925	52050	71923	103380	134897	159930	177593	98	92
312960	37478	55877	59527	64022	72014	91491	126252	168810	210254	97	88	300145	28673	33326	38359	50335	76764	148235	186985	201153	209444	10487	88	300398	28442	35799	37083	44527	63043	94941	126661	148490	174617	10297	84	223446	23623	36631	41845	53980	73598	104641	133640	153293	170353	10405	91	251107	30851	43970	50283	57462	64738	76077	89480	114793	145784	10558	100	286256	36318	54498	60846	71350	79401	88564	111186	146741	173240	10989	93	219642	34281	52089	57192	65640	83443	121503	152817	171679	182671	12865	113	294511	30586	42311	44872	52490	71910	104044	135122	157178	176611	86	86
309968	37124	55880	59196	64434	71909	91006	125378	169024	209428	86	88	299004	28811	33778	38166	50292	77119	147765	188734	201022	208649	10602	86	300193	28409	36090	37212	45099	62942	95644	127123	149255	174824	10446	93	221871	23589	36033	41870	54391	73644	103812	132434	153630	171715	10431	86	285780	30961	43606	50511	57119	65027	76557	89610	114546	145914	10594	94	286613	35900	54475	61217	71692	78897	88243	110997	145331	172899	11024	82	215383	34514	52204	56892	65390	83423	121608	153612	169531	183031	12961	117	297552	30681	43002	45344	52669	71932	104181	133949	157968	175856	89	89
310918	37003	56394	59301	64645	71983	91988	124959	168849	210433	85	85	297447	28679	33829	38460	50269	77507	147534	186770	197197	208239	10546	99	297650	28791	36109	37073	45037	63513	95512	126928	147624	173138	10380	88	221980	23726	36546	41486	54413	74138	104534	132726	153149	169926	10560	89	285473	30816	43981	50867	57246	64683	76895	89227	114800	146531	10719	94	291915	35378	54922	60345	71800	79477	88958	110462	145254	173069	11083	90	217844	34500	52030	57001	65726	83571	121698	152526	169472	184675	12908	106	296033	30875	42624	45617	52316	71852	104420	132864	157770	175575	94	88
308434	36463	56235	59493	64546	72756	91240	124462	168117	208571	86	90	297814	28771	33895	38522	50338	77356	147256	185385	196702	206118	10659	98	300821	28621	36038	37365	45149	63162	95347	126698	148043	172607	10504	92	220850	23831	36535	41805	54158	73003	104345	133030	152094	170500	10615	98	287722	30755	44393	50549	57645	64515	76670	89233	115352	147391	10740	95	290161	35251	54300	60975	72230	79318	89085	110648	146064	172929	11259	89	218072	34828	52108	56849	65679	83775	121710	152154	169925	183342	13140	114	295855	30968	41999	45539	52663	72308	104398	132858	159735	174910	98	95
306285	37128	56261	60048	64037	72271	91185	125384	168786	209836	88	84	296770	28687	34109	38567	50220	77306	145965	183893	194767	206281	10650	82	302061	28670	35786	37379	45117	63243	95259	126416	148591	173217	10575	90	220047	24183	36243	41677	54179	73597	104199	131675	151149	170735	10664	91	253072	30472	44275	50682	57454	64696	76905	89698	115459	146458	10887	92	290626	35442	54927	60543	72515	78576	89222	111994	146176	173496	11393	91	214186	34699	51856	56952	65418	83826	122120	151936	168521	182698	13236	106	292830	30966	42176	45280	52429	71533	103671	131648	158608	175324	84	94
