7954	3991	4024	3976	4020	3962	4140	4118	4165	4031	105	106	5325	4701	4657	4817	4823	4597	4651	4655	4752	4788	125	98	6259	2960	2969	3043	3019	3071	3104	3076	3084	3119	114	92	7835	3901	3995	3882	3927	3802	3956	3981	3870	3995	118	113	4265	3421	3450	3445	3342	3377	3362	3429	3424	3505	123	98	4814	4018	4147	4035	4085	3963	4042	4096	4054	4114	135	93	7904	3523	3555	3552	3447	3469	3454	3466	3487	3532	127	95	7326	3825	3854	3871	3873	3828	3884	3888	4002	3949	115	111
8331	4175	4233	4209	4227	4221	4296	4311	4321	4286	93	102	5450	5068	4971	4958	5069	5010	5123	4918	5077	5113	134	92	6439	3018	3038	3110	3109	2993	3150	3129	3202	3221	122	107	8916	3994	4002	4028	4169	4094	4127	4141	4170	4127	127	94	4207	3374	3529	3475	3483	3330	3477	3523	3560	3503	136	99	4751	3977	4092	4124	4028	3965	3986	4011	4037	4055	112	103	9134	3678	3691	3836	3744	3666	3766	3804	3862	3876	124	100	7577	3873	4068	4044	4085	3944	4120	4095	4221	4140	111	113
9194	4130	4543	4655	4614	4747	4883	4883	4920	4719	112	88	5901	5221	5599	5638	5512	5455	5603	5537	5612	5587	132	101	7112	3045	3208	3312	3294	3292	3361	3458	3459	3333	129	91	10538	4135	4486	4505	4543	4443	4632	4656	4565	4710	123	101	4322	3426	3736	3607	3720	3742	3712	3754	3841	3921	128	99	4866	3959	4191	4237	4244	4238	4248	4253	4410	4310	114	101	10643	4114	4181	4271	4262	4379	4430	4431	4487	4404	131	89	8168	4136	4298	4449	4604	4519	4527	4639	4603	4598	105	122
10103	4245	5023	5401	5577	5564	5830	5939	5938	5721	91	101	6640	5424	6022	6149	6169	6246	6346	6352	6323	6377	121	101	8177	2968	3352	3628	3690	3760	3893	3948	3919	3885	133	86	12230	4181	4857	5193	5369	5418	5533	5523	5542	5573	124	109	4805	3498	3930	4236	4296	4342	4367	4410	4367	4516	132	88	5036	4007	4436	4669	4621	4676	4627	4715	4793	4882	138	94	12595	4558	4837	5051	5288	5483	5481	5366	5439	5498	133	107	9053	4377	4733	5089	5241	5310	5339	5406	5409	5444	111	102
11440	4404	5343	6016	6497	6774	6997	7219	7252	6797	86	89	8031	5623	6620	6884	7167	7192	7213	7242	7169	7265	140	98	9589	3117	3684	4030	4263	4543	4659	4729	4759	4751	142	94	14143	4277	5189	5742	6411	6503	6680	6907	6778	6788	142	93	5467	3530	4399	4903	5182	5202	5251	5388	5367	5475	147	100	5578	4013	4744	5088	5390	5399	5451	5550	5605	5648	155	96	14572	5091	5716	6065	6325	6701	6829	6779	6859	6994	150	97	10401	4698	5347	5797	6267	6345	6374	6548	6624	6553	108	93
12965	4393	5768	6803	7593	8156	8405	8590	8881	8267	95	81	9309	5709	7129	7817	8036	8094	8021	8029	8233	8257	143	92	11111	3199	3699	4325	5007	5439	5817	5720	5717	5766	130	108	16033	4421	5580	6565	7235	7668	8105	8203	8227	8223	144	104	6490	3525	4643	5502	6037	6251	6310	6555	6619	6685	142	101	6228	4025	5053	5640	6074	6433	6516	6633	6659	6742	137	93	16618	5900	6546	7132	7658	8106	8593	8441	8370	8450	143	91	11773	4944	5829	6633	7443	7602	7972	7892	7959	7888	97	95
14568	4387	5974	7350	8816	9632	10131	10250	10321	10108	94	97	10992	5667	7731	8637	8846	9008	9153	9128	9268	9224	153	105	12551	3239	3960	4693	5918	6397	6930	6982	7055	7143	151	98	18019	4285	5803	7155	8419	9044	9673	9909	9850	10018	148	94	7943	3530	4848	6029	7088	7373	7657	7815	7925	7906	144	106	7184	4036	5375	6209	7155	7528	7765	7810	7815	7895	143	105	18494	6814	7626	8592	9306	10206	10424	10410	10515	10688	157	102	13163	5261	6532	7554	8610	8960	9216	9508	9798	9555	99	99
16325	4508	6238	7992	10184	11428	12080	12079	12363	11771	96	96	12855	5767	8050	9293	9938	9822	10263	10239	10414	10382	170	97	14399	3217	4076	4983	6706	7741	8363	8566	8476	8582	150	110	19813	4351	6156	7639	9508	10713	11494	11685	11735	11908	162	107	9444	3521	5069	6457	7842	8701	9040	9328	9197	9459	156	98	8424	4150	5559	6837	8394	8592	9223	9203	9153	9166	149	100	20373	7618	8860	9943	11208	12177	12529	12705	12830	13117	150	97	14719	5739	7271	8367	9982	10614	11376	11250	11600	11396	103	97
18487	4566	6361	8665	11495	13395	14344	14755	15200	14147	96	96	15275	5723	8452	10249	11295	11360	11666	11664	11677	11585	147	93	16353	3294	4232	5332	7712	9412	10165	10424	10592	10681	177	98	21770	4499	6328	8042	10771	12477	13440	13696	13642	13739	170	107	11490	3514	5269	6810	9069	10131	10527	10882	11188	11258	153	92	10019	4054	5673	7104	9193	10092	10739	10937	10855	11050	164	95	22746	8566	10782	11707	13290	14637	15139	15512	15458	16018	169	98	16759	6047	7954	9421	11387	12523	13291	13761	13726	13770	98	111
21217	4626	6666	8908	12979	15856	17039	17724	17973	17445	78	90	18926	5595	8693	11080	12265	12833	13139	13117	13221	13201	159	96	18447	3445	4541	5708	8502	11285	12378	12850	12930	13011	178	97	24342	4384	6462	8322	11799	14317	15740	16509	16306	16400	168	102	14082	3565	5327	7109	10041	11598	12528	13215	13207	13234	187	92	11721	4132	6051	7784	10346	11874	12606	12849	13010	13028	164	106	25216	9612	12344	13318	15545	17556	18365	18961	18712	19066	205	116	19095	6737	9009	10545	13051	15041	16000	16185	16702	16537	94	110
24270	4793	7099	9583	14647	19039	20759	21665	21786	21048	101	96	22554	5772	9121	12109	13935	14702	14980	14787	15352	15137	186	96	21193	3667	4932	6268	9670	13281	15221	15644	16364	16087	182	105	27395	4474	6560	8764	12853	16321	18157	19109	19525	19617	193	96	16991	3577	5533	7524	11297	13837	14899	15610	15821	15844	187	94	14173	4309	6381	8304	11606	13985	15189	15382	15518	15904	187	99	28038	10642	14562	15888	18142	21419	22125	22832	23125	23852	181	91	21890	7299	10164	12005	15289	17814	19461	19728	20084	20167	105	100
28035	4890	7371	10134	16533	22709	25147	26024	26314	26110	95	91	26844	5700	9425	12970	15710	16709	17316	17314	17671	17289	199	93	24472	3722	5271	6742	10664	16039	18995	19629	20386	20376	175	85	30583	4406	6662	8952	13945	19290	21365	22336	22658	22715	195	95	20638	3594	5657	7716	12503	15976	18129	18569	19014	19377	193	105	16643	4386	6788	8892	12897	16454	18107	18665	18675	19350	203	97	31912	11854	17334	19061	21516	25096	26993	28074	28158	28911	202	91	25182	7698	11369	13485	17468	20812	23011	23847	24360	24328	95	90
32101	5194	7909	10777	18251	26447	30298	31147	31536	31213	90	113	32012	5769	9725	13978	17996	19491	20121	20224	20286	20332	214	106	28436	4026	5982	7541	11928	18957	22987	24278	25525	25255	212	102	35010	4459	6851	9229	15460	21656	25320	26318	26979	27185	207	95	24780	3623	5932	8124	13329	18532	21291	22211	22989	23472	205	96	20356	4532	7341	9612	14499	19426	21859	22779	23479	23525	211	104	35765	13308	20999	22442	25262	30164	32196	34085	34664	35680	214	99	29441	8606	13205	15226	20090	24852	27800	28912	29842	30082	104	104
36786	5411	8561	11594	20271	30654	35812	37014	37756	37821	92	85	38506	5843	10095	15383	20290	22386	23530	23436	23733	23683	227	98	32699	4175	6653	8309	13192	21683	27606	29812	30096	31196	212	90	39303	4510	7275	9707	16396	24599	29106	31027	31380	32181	237	87	29705	3736	6195	8495	14325	21456	25147	26608	27118	28122	233	102	24520	4724	8132	10277	16134	22693	26157	27410	27994	28442	228	108	39731	14899	24460	25860	29181	34759	37770	39766	41014	42079	227	103	33838	9735	14780	17178	22456	28802	32631	34263	35129	36051	102	101
41763	5842	9678	12587	22002	34750	42039	43578	44806	45136	105	103	45635	5916	10552	16125	22926	26353	27097	27759	27797	27663	250	99	37093	4505	7659	9445	14555	24524	31596	34875	36676	37543	257	100	42732	4640	7604	10215	17254	27949	33559	35994	36679	37614	248	94	34658	3865	6463	8829	15346	24585	29774	31553	32377	33389	241	104	29376	4992	8916	11377	17690	26151	30862	32270	33291	33728	250	99	44724	16471	27821	29599	33137	39653	43232	45742	46741	48894	252	96	38837	10366	16957	19366	25173	33163	37969	39708	41385	42597	102	98
47467	6132	10478	13857	23624	38080	47979	49820	51216	52202	105	84	53016	5902	10933	17160	26060	30107	31522	31967	32135	32561	257	98	41525	4908	8681	10845	15811	27491	36845	40695	42724	44417	292	100	46727	4641	8072	10607	18469	30542	38140	41600	42248	43754	260	100	39186	3926	6775	9069	15987	27105	33926	36489	37751	38524	270	94	34583	5148	9898	12436	19140	29290	35518	37870	38547	39774	267	90	49710	18352	30601	33140	37174	44710	49515	52095	53412	55299	270	98	44131	11267	18777	21701	27924	37245	44029	46193	47651	49091	111	103
52082	6724	11560	14898	25550	41367	53947	57035	58672	60348	97	98	60848	6095	11298	18291	28854	33946	36311	36670	37483	37597	274	92	46207	5215	9649	12301	17141	29644	41417	46303	49617	51073	305	87	51289	4830	8579	11393	19282	32855	42209	46490	47838	49289	295	82	44534	3976	7200	9490	16728	29303	37626	41035	42702	44445	290	106	40295	5509	11065	13716	21094	32936	40575	43529	44456	46481	292	99	54642	19501	33319	36578	40376	49703	55326	58520	60711	63328	306	95	50269	12364	20958	23733	30410	41370	49209	52571	54033	55067	101	107
56327	6948	12345	15874	26475	43622	59316	62884	65731	68270	101	87	67625	6087	11446	18758	31556	38776	41266	41852	42360	42596	311	86	50722	5750	10650	13505	18665	31500	45495	51501	56144	57461	322	97	56870	5024	9147	11839	19857	34884	46477	51426	53685	55151	326	95	49853	4024	7537	10169	17426	31457	41850	45895	48597	49645	329	91	45239	5817	11964	15308	22675	35734	44892	48606	50346	53045	318	98	60446	20212	35521	39367	43714	52903	59709	64609	66180	69535	322	109	55794	13579	22557	25611	33489	45238	54603	58247	61246	63396	104	92
62381	7211	12810	16926	27102	45072	62444	66802	70482	73944	93	101	73069	6019	11976	19509	33606	42522	45583	46576	47934	48081	365	97	55375	5865	11303	14607	19847	32768	47156	55044	62429	64257	348	94	62434	4987	9439	12550	20675	36658	50960	56708	60698	62464	374	101	52447	4191	7780	10545	17769	32732	46217	51336	53406	56727	378	98	51783	6307	12878	16625	23878	38268	49692	54596	56819	59357	361	94	67015	20840	37812	42427	47004	56269	63306	68852	71988	75883	384	98	62470	14026	24023	27285	35062	47822	58462	63925	66972	70549	97	102
67549	7481	13938	17977	28754	46060	65469	70425	74863	78904	88	104	77828	6163	12245	19883	35648	46120	50956	51728	53102	53179	410	111	60465	6196	11776	15056	20433	33493	48778	57654	66096	68087	409	101	67220	5174	9630	12846	21024	37286	53878	61585	65780	68963	403	91	55187	4223	7929	10935	18350	33986	48531	55298	59352	63176	417	102	56201	6332	13857	17566	25301	39540	52707	59607	62447	66182	414	100	72111	21156	39582	45678	50520	60579	67620	73481	77327	81645	420	96	68635	14523	24944	28480	35972	49760	60864	67986	72104	76660	105	102
71205	7868	15359	19575	29792	47823	67952	75321	78986	84270	102	95	82231	6129	12451	20519	37663	49610	55018	55905	57303	58354	459	106	64787	6383	12462	16424	21965	34516	50860	60583	69668	72656	469	95	70956	5032	9982	13097	21070	37833	55292	64754	70273	74528	464	95	57070	4363	8123	11135	18343	34241	50175	58228	62995	68011	465	105	59270	6471	14325	18393	25864	40739	54697	63117	66179	70978	494	90	77150	21288	42970	49985	55630	65499	72762	78915	82657	88837	479	95	73514	14911	25890	30155	38374	50766	63120	70973	76214	80303	94	104
74595	8069	16912	21431	32049	49789	71516	79492	83842	89502	105	92	86243	6286	12457	20501	38112	52749	59134	60472	62030	64218	530	90	68347	6671	13543	18101	23465	37066	52093	63648	74744	78784	511	95	75434	5258	10426	13878	21699	38478	56238	67218	73408	78355	559	104	60467	4418	8426	11645	18795	34475	51460	61256	66912	71577	552	105	60849	6838	15115	19757	27492	42165	56219	65383	69485	74345	544	97	81211	21705	46462	54470	60302	69786	77877	85703	89994	95505	537	100	77084	15208	27900	32356	40208	53052	65855	74212	81198	85379	102	90
78682	8594	18435	23320	34100	52235	75092	84926	90331	96266	113	108	91802	6442	12605	20695	39142	54836	63973	65707	68021	69481	642	94	71845	6837	15018	20013	25536	38722	56193	67672	80240	84365	607	106	79595	5282	10927	14445	22377	38719	58738	69734	78441	82835	618	86	64690	4498	8953	11990	19091	34965	53377	64337	69847	75684	592	100	63937	6844	16017	21143	29129	43057	58871	69105	74096	79383	598	109	85025	22381	49499	58414	64871	74634	83386	91574	96427	103065	593	91	80308	15368	29654	35090	43114	55864	69326	79081	85795	89822	103	98
82402	8776	20534	25387	36507	54581	79308	90149	96952	103505	113	103	96819	6440	12288	20823	39403	57137	67931	69171	72507	74405	690	92	75689	7208	16640	22288	28125	41132	59025	74014	87377	92077	673	94	84133	5453	11624	15527	23455	39659	59916	73842	81748	87369	660	105	69664	4596	9341	12716	19909	35643	55008	67477	74100	79913	688	102	67827	7085	17743	23447	31068	45684	61988	72694	78748	84977	684	92	90088	22893	53094	63758	69106	79968	89264	99227	103787	112318	709	99	84973	15755	32148	37675	46153	59049	73699	84989	91453	97841	109	88
86940	9256	22465	28109	39084	57474	84091	97927	105452	111744	110	98	102365	6483	12636	20874	39751	58331	70388	73839	76509	80122	741	100	80066	7794	18390	24615	31074	43538	63089	79482	94589	99665	770	88	87131	5620	12288	16237	24501	40234	61811	76986	85843	91555	762	111	75517	4824	9937	13561	20971	36217	56323	71386	77543	85088	765	93	72198	7275	19135	25968	33985	47843	64817	77477	82367	89665	744	114	95320	24205	56852	66623	74635	84680	95513	105763	112817	119163	799	88	88951	16478	35024	40540	48809	62509	78139	90669	98139	104728	110	106
91440	9730	24893	30096	41488	60248	88228	105528	113464	120066	91	96	109090	6492	12924	21341	39749	58714	73471	78028	80304	84941	839	87	85007	8129	20818	27290	33883	46408	67387	86128	100334	107561	875	102	91657	5730	13007	17399	25244	40877	63984	80966	90251	97258	868	89	82723	4879	10786	14304	21530	37401	59297	74080	82920	90474	870	104	76769	7507	21157	28023	36676	51175	69056	82342	89470	96812	854	98	99081	24887	59419	70033	78309	88446	99885	110514	117371	124615	921	102	93597	17026	37393	43423	52122	66866	83146	97120	105738	113702	109	87
96736	10342	26828	32615	43034	62637	92163	111383	119493	127133	94	98	117539	6710	13194	21847	40340	60179	76712	82413	85293	89780	982	105	90011	8760	23022	29853	36187	48755	70893	93012	107895	117011	985	101	96728	6061	13961	18872	27061	42457	67295	85998	96169	102126	966	104	91661	4992	11482	15538	23145	38381	62471	79259	88093	96635	948	94	83507	7910	23031	30934	39932	54502	73740	90064	96167	103547	990	96	104553	25619	62086	72270	81358	90565	103216	115313	122445	129230	987	100	98535	18047	40693	46589	55812	70021	89340	104960	114157	122632	106	96
102948	10818	28245	34507	45439	64367	94494	114913	123762	131584	89	117	124425	6797	13606	22094	40623	61585	82042	85977	90002	95219	1059	98	96277	9181	24993	31842	38428	51449	74149	98814	113166	124263	1083	106	101545	6010	14812	20036	28351	43708	69882	90240	102003	108668	1094	96	100905	5281	12285	16668	23857	39603	64594	84181	94482	103288	1039	107	91777	8159	24869	34279	43344	57884	79259	97072	104147	110949	1097	93	110088	26336	63783	74778	84231	93449	106862	118936	126701	132219	1114	106	103690	18423	43248	48705	58489	73834	93299	110648	121740	130129	98	95
109423	11139	30041	36544	47328	66453	98961	120055	128549	137401	98	109	130314	6926	14187	22736	41816	63518	84746	91208	94905	100165	1190	94	102178	9630	26765	33576	41348	53302	76844	103802	118211	130084	1174	101	107738	6388	15871	21765	29882	45521	73884	96032	107323	115229	1222	101	108204	5565	13454	18061	25536	41283	68288	90110	100825	111133	1164	92	99915	8677	27263	37160	46107	61694	83695	104381	111714	120723	1186	102	114914	26918	64799	76711	86058	95274	107459	122557	129460	135504	1239	89	110800	18882	45509	50988	60722	76456	99303	118254	127534	136203	103	105
117589	11745	31606	38290	49474	68674	100188	123067	133130	141448	97	98	136194	7042	15015	23699	42683	65762	88487	95059	98787	105437	1312	92	108535	10114	28595	35992	43004	55336	79829	108290	123113	133791	1281	92	113114	6635	17043	22985	30968	46781	76133	100506	111175	121291	1340	105	116314	5766	14215	19125	27248	42264	71222	95841	107246	118155	1259	106	109984	8925	28905	39231	49237	64688	88618	110018	119185	129625	1287	104	120749	27818	66126	77041	87148	96862	109692	125158	132174	141021	1304	97	118464	19569	47090	52847	62903	78368	102790	121070	131305	141060	97	112
125558	12192	33165	39574	50749	70203	101406	126408	136030	145760	93	98	140518	7218	15492	24233	44012	68344	92714	100547	104206	111521	1446	100	116619	10778	29915	37628	45292	56365	81889	111145	127170	137980	1443	96	120055	6881	17629	23917	32855	48227	78122	104526	117402	125897	1382	104	124494	5964	15004	20057	28158	43416	73359	100675	112450	123839	1391	98	117367	9108	30239	41747	52171	67690	91314	115187	126175	134425	1372	112	124833	28168	67224	77982	88201	97936	112193	127476	136425	144815	1494	107	124961	19976	48691	54751	64532	80817	105096	125766	136219	145742	104	99
131669	12701	34456	41462	52244	71410	103662	130055	141032	149127	115	104	145695	7437	15980	25026	44845	70909	99219	106675	109768	118853	1503	91	124330	11466	32033	39175	46455	58521	83811	115128	130030	142220	1571	98	125547	6956	18754	25305	34017	49139	80230	108024	120477	129549	1514	107	130805	6140	15653	21318	29450	44351	75401	104170	116073	129956	1550	99	128044	9752	32385	44097	55182	70825	95252	119478	130924	139045	1531	105	128192	28942	67799	78885	88795	99583	114146	130989	139949	149927	1608	97	132021	20605	50567	56227	65917	82752	108436	128518	139098	148842	104	100
138825	13181	35224	42377	53764	73303	105330	133580	144540	154212	90	106	150531	7586	16503	25531	46306	74368	103957	113067	117222	124558	1663	97	130199	11957	33101	40383	48296	59056	86106	118482	133803	148474	1632	92	129612	7198	19585	26359	35015	50930	82361	111398	123177	132500	1697	100	137051	6442	16845	22139	30601	45881	78109	107432	121704	131724	1624	107	134331	9800	33811	46167	57605	73147	99029	123150	134165	144159	1587	100	131807	29720	68196	79061	90126	100336	114879	134562	145081	155129	1707	105	136370	21340	51506	57649	67605	83669	109802	132917	142410	152905	113	86
143599	13782	37028	43797	54702	74665	107474	137247	150971	161038	112	106	155444	7832	16977	26799	47100	77040	110117	119237	124744	131880	1779	95	135716	12735	34801	41790	49925	61141	87362	120813	136851	152508	1782	99	134088	7514	20389	27846	36357	51232	83502	113238	125714	135486	1834	109	142167	6669	17619	23418	31626	47356	78917	109250	122574	135814	1801	104	140502	10362	35496	48649	60298	75317	101163	126031	137736	148253	1755	107	135045	30279	68761	79978	89900	101475	116886	136490	150737	162143	1895	117	140812	21807	53189	58353	68072	85736	112435	135623	147825	156464	108	108
148858	14224	37495	44163	55278	74792	108728	140622	156603	168095	114	96	159045	8064	17869	27314	48155	79860	115015	124286	129630	135568	1920	107	141535	13258	36282	43079	51362	61795	87405	123297	142342	157739	1915	96	137323	7688	21464	28754	37331	52845	85363	115542	126108	135773	1921	112	147773	7040	18518	24415	32349	48398	80773	111897	126151	137506	1874	112	147429	10857	36923	50376	62042	76669	103140	129297	141893	150734	1876	102	137694	31286	69357	80242	90204	101162	117009	140083	156001	166969	2029	94	145170	22674	54316	59463	69866	85949	114313	137914	152566	163598	103	97
151377	14587	38378	45062	56478	76401	109692	144322	162215	176405	93	93	163954	8169	18376	28336	49376	82350	118279	129942	134048	141054	2047	97	145081	14142	37436	43809	52426	62552	88935	126509	146402	164799	2064	106	139643	8073	22084	29917	38363	53411	85913	117520	127506	137659	2065	107	151361	7240	19534	25384	33159	48658	80821	113204	126854	137970	2041	93	151760	11484	38029	51105	64487	79712	105198	132358	143979	154721	2025	109	138374	31757	69319	79721	90597	100986	116742	143203	157800	171710	2205	107	148489	22962	55110	60255	70208	87768	116649	142394	158761	169515	103	100
155254	15256	39264	46003	57386	77629	110577	147347	167229	183561	104	100	165857	8535	18857	28787	50440	84782	123362	134007	139002	143998	2170	95	148479	14719	38146	44582	52823	63947	90101	129294	149003	172751	2204	93	141175	8298	23157	30846	39454	54363	87047	118612	129726	139144	2215	104	156943	7520	20575	26374	34439	50380	82420	113468	128017	140523	2165	104	159603	11713	39852	52515	65396	80153	106699	134802	147762	159229	2155	103	139225	32509	69128	78712	89674	100979	117036	142885	159323	175318	2319	102	148720	23769	55560	60748	71173	88026	119229	146339	162509	175966	114	116
156850	15850	40114	46352	57745	77492	110338	150423	172211	188059	101	106	172411	8630	19679	29635	50999	86483	126672	137488	142447	148607	2261	96	151369	15482	38581	45326	53297	65298	90730	130923	155147	176946	2282	94	143727	8659	23962	31413	40481	55484	87424	120144	131044	140223	2300	107	165013	7870	21165	27412	35437	50529	82775	114330	128963	141114	2268	90	163543	12242	41267	53904	66812	82421	109065	138466	153108	163934	2288	103	142825	32506	68874	79293	90122	100353	116646	143798	160308	177346	2456	105	152539	24549	56991	61405	71469	89037	119142	150937	167014	183020	115	104
158960	16113	40019	47035	58684	78727	111530	149766	174221	190306	91	100	173714	8942	20164	31144	51966	88560	128539	141169	145935	148785	2405	107	152580	16054	39806	45612	53589	65621	91011	132085	156176	180132	2436	106	144176	8989	24654	32696	41370	55770	88567	121367	133924	143817	2350	90	171939	8083	21836	27979	36267	51593	83730	115463	131575	142027	2419	111	169298	12810	42182	55069	68503	84520	110878	142217	156296	167834	2390	107	142169	33354	69046	79191	90111	100805	117347	144914	164464	181171	2509	101	153423	25020	57229	61124	71203	89212	119467	152418	173500	187909	107	94
160689	16881	41089	47517	58852	79509	110962	151957	177532	196396	98	111	180490	9149	20985	31463	53020	90647	130795	141843	148093	149793	2595	83	157356	16892	40806	46495	55002	66404	90784	130762	158341	185149	2566	92	145392	9217	25550	33330	42287	57875	89912	121858	134172	144808	2550	111	177817	8464	22487	28829	37501	52708	85153	116964	133811	146144	2499	96	176144	13118	43223	55974	70661	86573	112495	145092	162126	175224	2552	114	144230	34111	68082	79206	90527	101073	118096	146057	166729	185323	2666	100	154844	25393	56931	61480	71635	89498	120191	154192	175444	190419	98	100
163912	17195	41638	48383	60124	78419	111999	152045	178321	200096	106	98	184187	9417	21758	32533	53903	91497	132287	143906	150653	153642	2660	86	160456	17559	40991	47155	55317	66282	91455	132528	160192	187754	2680	111	146115	9643	26306	34374	43258	58308	90478	125264	136591	146971	2717	108	180986	8952	23383	29987	38045	53794	84684	118245	135117	148378	2655	89	182693	14000	44144	57082	70837	87415	114890	149679	166651	182653	2637	106	146901	34336	69172	80017	90374	100727	117373	145947	168937	190490	2814	98	157631	26034	57073	62077	73142	90117	120626	155036	177326	192902	101	96
163580	17889	41925	49194	59930	79588	112674	154153	183375	205168	103	90	191405	9548	22522	33278	54691	92533	134091	146401	150877	153628	2885	105	163380	18522	41572	47869	56116	67470	92063	133873	161722	190983	2759	105	150206	9925	26482	35315	44260	60086	91173	125051	137654	148386	2751	103	186706	9123	24286	30561	39464	55286	87103	120116	136517	151249	2727	117	188864	14353	44917	57080	71252	89154	115849	153372	173291	187446	2803	102	147339	35137	69024	80015	90702	100976	117309	148362	173538	197382	2949	102	159797	26624	58213	62861	72777	89074	120889	155785	180573	197457	107	105
168234	18631	43032	49288	60644	80932	112856	154723	187709	211878	105	96	193956	9983	22914	33910	55791	93189	135538	147754	152327	155710	2986	92	167207	19677	42415	48623	56661	66996	92894	133582	164270	195377	2989	105	152001	10411	27720	36001	45152	61282	94085	127558	140941	152101	2860	107	190640	9330	24891	31291	40001	56404	88132	122328	140082	153550	2853	110	193769	14831	45448	58088	73140	89697	117387	155661	177169	193944	2841	106	151322	35323	69448	79589	91306	101726	118063	150374	175095	202586	3134	123	161588	27200	58034	63280	73813	89939	120689	157770	182147	201016	110	104
170762	19114	43692	49987	61268	81521	113241	157616	193148	230392	105	103	197269	10274	23521	33933	56164	94166	137179	149325	155121	156646	3055	91	171373	20088	42962	48922	57248	68324	93005	135335	168154	199455	3058	101	154093	10780	28455	36977	46147	62292	95000	129819	142450	153598	3101	99	195379	9720	25564	32423	41312	57504	90192	124484	141397	157483	2986	90	201390	15408	45652	59416	73870	91574	118787	157438	180420	198675	3062	109	153185	35616	69562	79990	91110	100876	117342	150336	177939	205210	3322	113	165477	27817	59066	63350	75109	89699	120532	159592	186065	208412	128	91
175034	19606	43403	50813	62938	82172	114635	158785	195804	237508	91	104	201533	10754	24191	35308	57565	95166	137344	151888	156547	159585	3168	116	176059	21090	44321	49706	57507	68872	94017	136035	171585	205472	3204	124	158670	10833	28944	37530	47011	63647	97800	130554	144688	158235	3188	87	199588	10174	26146	32611	41377	58377	91753	125974	145185	160183	3167	115	205414	15963	46686	59809	73903	91937	119055	159247	182898	201092	3180	85	155424	36232	69943	80010	90908	101443	117670	150913	181227	208410	3499	102	168255	28663	60000	64476	74340	91491	122661	163385	190487	213896	112	100
177546	20246	44625	51650	62650	82860	115641	161510	201650	241105	94	104	204617	11077	24926	35596	58203	96465	139697	153367	156861	162864	3366	108	179316	21929	44708	50326	59069	69082	93938	137118	174360	210679	3332	104	159478	11199	29075	38032	47353	64711	98916	134619	148564	161900	3236	89	204815	10356	26821	33410	42784	59411	94139	129860	148827	164831	3333	88	213291	16611	47619	60616	76332	94097	121090	160346	186043	205607	3289	113	158568	36823	69848	80744	91369	101969	119023	152186	184023	209323	3735	102	171884	28703	60328	65330	75759	91278	123507	165028	194832	230398	110	109
182518	20489	45313	52208	63990	83285	115972	162565	204220	247668	116	97	209629	11364	25055	36680	59016	97518	142156	155653	160646	164830	3524	105	184725	22782	44910	51093	59795	69908	94626	137307	178169	214957	3414	101	163510	11621	29998	38513	48322	65154	99439	134881	149249	164433	3373	108	211216	10710	27206	33784	43041	60943	95308	131687	152284	168695	3457	108	230492	17192	47819	62076	76546	93929	123261	163283	189621	208359	3533	125	161292	36926	70085	80099	91402	101497	118419	154355	186222	214575	3917	120	177046	29202	60251	64731	75893	92131	123582	166360	200775	235789	104	91
185150	21037	45498	51963	64591	84657	117160	162393	206781	251523	107	96	214900	11577	25770	36955	59573	98915	145397	158469	165007	168511	3626	104	187937	23445	45855	51828	59579	71002	95685	138877	180014	228265	3616	98	166431	12317	30652	39271	49663	67006	100891	137229	153100	167390	3597	97	226870	11187	27832	34267	44160	61511	96527	133294	153250	170602	3568	109	239605	17731	48707	62562	77476	97003	124318	166087	194008	226292	3729	109	165232	37319	69224	80306	91143	101386	117487	154298	185947	230350	4166	104	182455	30244	60664	64953	75426	92728	122995	167542	202254	241517	109	94
190931	21282	45850	52746	64686	85820	117920	164581	207938	255211	99	113	231499	11825	26274	37459	60761	100431	145367	159796	165803	171114	3793	96	192277	24034	46710	52006	60154	71955	96539	141067	183439	233741	3796	97	172704	12335	30912	40162	50573	67771	102732	140254	155174	171849	3735	108	231825	11523	28331	35103	44718	62209	97837	135508	155699	174415	3764	111	243014	18053	49614	63311	78927	98490	127034	169061	196592	230124	3927	103	169409	37666	70423	80359	91595	101447	118457	155282	189917	230643	4287	110	187159	30415	61319	65589	76601	93263	124557	169831	205351	241718	127	108
194541	21700	46654	53565	66172	86121	118402	166680	212393	259611	104	100	235598	12453	26738	37963	61454	103008	148388	163135	170406	174546	3935	96	199769	25014	47179	52473	61577	72792	97757	140236	184961	236944	3919	104	176593	12588	31407	40478	51246	68998	104283	141911	157528	174621	3888	104	237529	11698	28868	36414	44886	63469	100085	135228	157493	174410	3870	108	249684	18607	50096	63924	81024	98564	128242	170226	202132	236231	3973	108	173596	37637	70276	79979	90641	100811	118461	155382	190030	234559	4537	113	190491	30675	62399	65507	77136	94361	125365	171935	207784	245126	114	92
200189	22335	47550	54251	67315	86007	118938	166650	224913	260811	99	89	242918	12481	27213	39386	62749	104561	152378	167751	171668	179769	4130	95	203069	25352	47765	53722	62037	73386	97780	142662	187430	239745	4092	113	180107	13018	32086	41062	51813	70420	105193	143459	160354	177576	4134	108	238115	12091	29610	36407	46018	64809	100741	136637	160740	179839	4094	96	255879	19244	50769	65181	81696	100475	129919	174894	205573	240278	4188	110	178225	37672	71379	80776	90472	101244	118556	156062	190795	235829	4694	104	195058	30916	62388	66299	77485	94014	125884	171460	208569	247497	104	102
205211	22669	47875	54690	67590	86992	120210	167348	229213	264320	115	93	246902	12937	27839	39347	63126	106583	156138	170416	176852	182219	4354	99	205867	26155	47767	54305	62980	73968	98207	141789	188495	243456	4166	98	185134	13246	32639	41922	52172	71410	107249	144120	162106	175185	4215	95	242891	12225	30015	37446	46627	66316	102199	140273	162600	180615	4239	97	260694	19691	51873	65221	83102	101393	131039	175411	208316	244739	4310	104	181013	38193	70967	80660	90732	102522	117790	156633	191843	236906	4931	106	198030	31445	63255	66936	77834	93293	126219	173461	210696	250202	114	104
208375	23097	48679	55925	68260	87525	120804	169139	231166	266276	112	102	250306	13276	28331	39681	63846	107049	159415	174829	182758	187256	4490	116	209921	26853	49317	55475	63496	74153	99121	143188	190064	246514	4527	105	186514	13745	33006	41806	53126	72833	108366	145167	163722	179694	4332	102	247658	12550	30555	37689	47984	66561	104753	140303	164574	182514	4256	105	265247	20074	52968	66759	83813	101763	132128	177270	209180	244383	4539	109	184276	37369	70970	79957	90787	101690	117804	156771	195042	240079	5172	110	202319	31469	62773	67045	77910	93860	125291	173441	224955	255423	111	107
214734	23654	50018	56434	68684	87810	120006	170561	233480	269707	107	106	258121	13779	28613	40382	65105	109021	160426	179667	183534	192935	4559	92	216044	27555	49796	55871	63507	75357	99725	142605	191842	246444	4588	112	190039	13865	33545	42975	53293	73457	111047	146584	165852	182525	4513	114	250562	13048	31232	37977	47798	68259	104680	142655	166057	184454	4562	101	269422	20316	52923	67096	84521	102653	132595	176725	214668	250077	4668	104	185655	38596	71408	79931	90154	101059	117755	156593	194486	240741	5373	118	204420	31988	63355	67669	77491	94507	126232	174210	215686	257148	114	108
228499	24079	50260	56590	68914	88044	120156	169230	235365	274169	107	105	261345	14032	28971	41082	64954	109749	163030	180818	189089	194488	4770	117	230020	28069	50779	56161	64988	74823	99388	144160	193971	248804	4697	105	191831	14274	33868	43182	53678	74959	111941	147727	167513	185104	4753	84	253047	13164	31326	38693	48852	69469	106713	144460	167884	186697	4730	133	272552	21124	54117	67573	85693	104018	134224	179683	215676	254592	4906	109	189865	38892	71094	79777	89900	100870	118287	157513	197643	241104	5494	105	207539	32530	64090	67865	77801	95724	126170	175892	228755	259899	120	94
234040	24495	50480	56642	69624	88928	121611	171473	236312	274105	109	101	263776	14457	29544	41298	65764	110387	166469	184728	192245	197578	4929	103	230675	28793	51790	57053	64787	75012	100102	143671	194111	252219	4805	91	195061	14721	34374	43787	54866	75787	112433	149814	167886	186681	4682	112	253250	13582	31628	38845	49465	69860	108686	145084	169430	189704	4832	108	277003	21416	54453	68267	86752	104895	135129	180752	227902	254088	5066	109	191251	38787	72130	79949	89699	100372	117448	158504	195629	246353	5716	103	223830	32944	64098	68356	78473	95490	126739	173819	231050	261811	117	102
236709	24861	51481	57593	70156	88068	121579	171473	238043	274089	111	104	269243	14945	29901	41554	66290	112863	166765	188042	195457	200333	5074	101	237294	29443	52329	56697	65863	75933	100332	143434	193654	255936	4900	110	195779	14771	34816	44090	55224	75392	113946	151779	171979	189242	4980	102	256193	13853	32272	39498	49680	70335	110022	147103	172442	190134	4929	102	279801	22036	55120	69141	86573	104987	135919	181981	231954	255658	5167	107	195498	39257	70529	79366	90000	100693	117791	158409	198281	248649	5925	108	213580	33001	64841	68659	79512	94763	127712	175697	232911	262821	124	113
238588	25520	51920	57957	70307	88919	121624	173302	239174	280285	119	100	274803	15266	30093	42135	66652	113102	168950	191039	198483	204954	5104	103	239660	30351	52667	57903	65630	76989	100128	143878	195799	256170	5044	99	200966	14968	35320	44444	56056	76985	114716	154252	172271	191493	5195	112	258455	13850	32393	40610	50391	71510	110847	147440	173429	193250	5213	110	281612	22507	55267	69590	86709	106100	135769	183871	232362	258859	5320	105	196021	39446	71710	79105	89700	99926	117291	158837	200150	247057	6173	95	231213	33577	65698	68471	79990	96007	127639	176196	233583	268528	115	107
243358	25601	52630	58294	70533	88614	120899	171211	241514	280634	100	89	277232	15520	30747	42764	67684	114689	170309	192917	201034	206369	5310	92	244085	30865	53338	58384	66993	76409	100241	144627	196926	257790	5284	100	202260	15650	35675	45124	56049	76640	115099	155564	173802	193381	5110	105	259912	14200	33251	40616	50917	71568	111792	150018	175122	195267	5206	98	284360	22974	56640	70292	87819	107462	136807	184348	234448	261521	5442	115	201599	40253	71803	79177	89318	99262	115189	158551	198811	251836	6365	132	234185	33993	65297	69192	79266	95778	127501	177774	234956	269299	109	110
245053	26109	53190	59230	70940	89582	122069	172494	242197	281496	114	110	280102	15725	30637	42710	68349	115969	173360	195672	204122	207618	5493	114	247215	31898	54297	59920	66896	77026	101073	144493	198495	258560	5464	117	203631	15872	36162	45702	56950	78192	117698	155906	176619	194285	5327	104	264638	14463	33849	40892	51479	72525	112391	151629	175196	197473	5494	113	288733	23413	56859	71127	88671	107117	138176	186120	233609	261636	5655	106	201484	40564	71398	78610	88229	99455	115833	157234	199161	249651	6424	119	237574	34696	66090	69998	79853	95953	127813	177487	236013	272075	112	109
249917	26587	53714	59447	71302	89854	122082	173253	245044	286424	115	107	283510	16204	31283	43245	68281	116637	176824	197196	206643	212147	5673	116	251176	31973	55787	60335	67742	77444	100200	145283	198601	261405	5515	116	206941	16212	36501	45786	56766	78032	117045	157540	177780	196683	5517	103	267449	14761	34085	41548	51441	73068	112431	151349	179685	199414	5609	117	288134	24057	57576	71397	89347	108758	140056	186747	239161	265673	5759	111	204361	40846	70882	78830	88478	98621	114568	156970	199383	248370	6652	120	240295	35161	66771	69624	80949	95722	127183	178378	239442	274272	123	106
252619	27221	53733	59325	71407	89627	122246	173606	245192	288111	111	98	287071	16389	31481	43924	68969	117151	176588	199586	210055	224925	5825	98	253680	32766	56406	60879	67988	77705	100334	144079	201649	264804	5840	105	209778	16314	36719	46561	57295	78469	118881	158092	178515	197382	5655	95	268593	14945	34559	41607	51906	73385	113491	153593	179181	201675	5678	106	294575	24379	58397	71851	88791	109203	139116	186390	239330	263682	5961	122	208339	41795	71288	79236	87592	97790	114219	156207	197742	252489	6803	113	244072	35663	66519	70645	80224	95829	127872	180277	239501	273836	121	113
256800	27601	53601	60243	72282	89642	121166	175615	245958	286602	105	102	290086	16571	32185	44060	69324	118324	177267	202003	223162	214785	5863	106	257065	33630	56800	60910	69015	78208	101356	145344	200253	267111	5739	108	211888	16667	37165	46524	57465	79234	119938	159834	180366	201440	5781	106	269132	15121	34825	41918	53084	74309	114540	154751	179569	204063	5895	105	294730	24810	58715	72603	89238	109589	140894	187898	240993	268702	6015	109	208637	42280	71258	79629	87842	97849	114195	155858	199162	250120	6952	119	247165	36211	67197	70725	80866	96853	128714	179144	242164	276336	112	101
258935	28334	54865	60526	72359	89721	121511	173071	247819	291404	109	114	290469	17060	32478	44260	69927	119926	178548	204288	224226	229791	6090	108	260976	34239	57252	61770	68608	78403	101016	145357	200006	267686	5953	108	225137	17076	37917	46547	58498	79701	120343	159151	182609	202017	5883	104	272565	15684	35193	42527	52782	74661	116029	154746	180615	205152	5981	102	295195	25450	59859	72670	90082	110695	140007	188740	240770	270065	6124	103	210625	42758	71986	78066	86859	96779	114034	156831	197726	249965	7218	113	251135	36957	67304	70996	80836	97276	128948	180210	242204	281632	118	111
263338	28913	55457	61818	71782	90527	123085	173049	247781	289716	100	109	295376	17128	32573	44701	70230	119612	180510	205195	228160	233574	6099	116	264737	34911	57966	62367	68829	79152	101154	144874	198506	267308	6194	105	229398	17476	38247	47034	58705	79634	120935	160173	182480	202597	6035	106	274496	15944	35547	42731	53330	75517	115815	155561	181905	208765	6204	107	303031	26028	59380	73771	91637	109807	142044	189928	240905	270967	6257	107	215968	43558	72458	78626	86763	97149	113393	154445	196918	249069	7304	112	252683	37414	67581	71247	80538	96394	129306	181390	242817	281000	121	110
265872	29433	56155	62054	73568	89402	122039	172812	251076	292914	104	106	298232	17689	32467	44664	70900	119821	184234	207643	231082	236631	6323	113	264540	35879	59224	62711	69090	78522	101278	143381	198461	267534	6265	122	231210	17730	38732	47716	59352	81090	119864	161670	183838	204306	6212	113	276360	16188	35987	43529	53195	75835	116929	156531	183806	207852	6255	104	300409	26533	60452	73461	91441	111226	141988	190389	242872	272846	6512	113	229618	43343	72716	78841	86320	95331	112097	155295	198446	248881	7477	120	253472	37946	68730	71405	80454	96704	128654	179521	245424	281411	114	101
270293	30106	56294	61996	72395	90190	121783	174505	251215	297269	119	104	298604	17918	32997	44718	71626	120899	182750	209296	232273	237768	6446	112	269711	37114	59886	62647	69608	79490	101002	143606	198909	267991	6305	103	232814	17966	38956	47739	58989	80950	121596	161071	185621	204964	6293	117	278097	16755	36195	42903	54063	76166	117441	156538	185652	209072	6380	101	302935	27071	60758	74256	91326	111643	142554	192116	243044	270352	6563	104	233404	44115	72189	78582	86646	95772	111031	155046	198408	250211	7658	112	258682	38586	68604	71884	80593	96161	128274	181032	242072	283676	131	104
270567	30858	56838	62434	72890	90243	122518	174856	251570	295828	105	106	303195	18273	33706	45414	72391	120340	184995	211257	235289	240049	6399	96	273493	37650	60832	63800	70200	79094	101407	143397	200936	268221	6444	115	235295	18382	39155	48190	58842	81780	120556	162012	185417	206879	6389	115	278997	16879	36305	44081	54889	76700	118173	158459	186606	209818	6514	113	308560	27316	61226	75096	91199	110647	141907	191981	243974	273355	6757	96	234974	45592	71214	77800	86002	95052	111449	153943	197206	250009	7840	126	262256	39038	69086	71973	80739	96860	128115	181889	243763	282168	97	122
274856	31195	57348	62723	73038	90403	122040	174271	253144	299988	100	107	307196	18468	33590	45975	71637	121952	187491	213412	237840	240937	6564	106	273445	38488	61584	63786	70419	79886	101942	143964	198413	267645	6529	93	238037	18794	39674	48678	59419	81633	122426	162841	185218	208756	6419	98	282957	17084	37085	43820	54550	77344	118309	157890	185209	209968	6570	100	307059	28075	62155	75045	92560	111442	142321	193157	244532	274385	6747	107	236226	45691	72377	77973	85286	95120	111823	154139	194738	247888	7900	121	262572	39182	69176	72336	80641	96695	127495	181399	246367	286008	114	98
276489	32240	57723	63327	73600	90143	122260	172888	253803	300858	102	110	306536	18838	34215	45874	71508	120700	187303	227962	240239	244470	6820	110	276299	39731	61949	64286	70977	79481	101398	144233	198820	266979	6759	109	241224	19202	40018	48352	59307	82789	123066	163110	186736	207716	6553	103	281964	17367	37246	44223	54483	78321	119286	158373	187049	211206	6777	106	310276	28774	63332	76472	92608	112410	142870	193899	246182	277098	6963	102	238852	45912	72081	78210	85089	95637	110362	152882	196769	247906	8027	119	267704	40025	69796	72241	81247	96320	126834	180657	246935	287640	112	106
279741	32492	58567	63671	73260	91118	121567	172538	254268	302895	109	114	309667	19028	34364	46366	72344	122645	187323	228613	241881	247369	6792	108	279225	40346	62536	64601	69853	80370	100852	142832	197332	267299	6801	102	242395	19328	40466	49346	60309	82377	122783	164658	188048	210794	6617	102	286905	17661	37738	44242	55438	78741	119796	157254	186935	211406	6923	100	313722	29259	62836	76275	93091	112987	143844	192892	250734	279731	7030	107	240549	46354	72303	77873	85782	94338	110294	152258	194828	246207	8051	119	266543	40144	69587	72592	81197	96108	128018	180641	247062	289234	120	109
281668	33092	58990	63671	73816	90182	121657	173428	256541	304447	104	94	313867	19660	34629	46301	72931	122360	189974	229288	244568	249484	6959	108	279909	41008	62739	64989	70566	80334	102347	143575	198329	265733	6821	104	243228	19422	40806	49518	60407	83343	124642	162323	188415	222311	6829	111	286558	18063	38058	44478	55026	78402	119987	159687	186883	212265	6968	116	310704	29940	64206	76613	92956	112432	143599	193757	249725	278734	7203	115	243228	47282	71673	77917	84642	94844	110823	151522	193290	246308	8474	118	271418	40643	69995	72077	81024	96271	127362	182487	248455	288844	111	108
285793	33577	59750	63750	73739	89825	121119	172708	254114	304942	115	114	313485	19872	35094	46734	72929	121560	189556	233843	247347	250299	6991	109	284300	41836	63540	65176	71188	80386	100963	142843	197221	267945	6949	97	248964	19732	40731	48935	59925	83927	125383	163834	188450	211518	6897	105	287358	18039	38365	44814	55521	79803	121047	159860	187929	213647	6954	125	311681	30225	64268	77157	93757	114060	143407	194223	250406	281592	7209	103	246796	47486	71683	77908	84856	94962	110241	151649	193743	248144	8301	125	272620	41204	70449	73649	81348	95272	126961	182063	248240	289276	124	119
288208	34226	60405	63560	73627	91097	122135	172708	254147	305978	111	113	316507	20492	35454	47146	73520	122804	190994	236179	247064	254087	7041	115	285229	42891	64356	65376	71126	80146	102317	142162	197549	266757	7053	113	250211	19933	41424	49906	59917	83880	125098	165806	188725	212076	6963	112	288604	18544	38280	45188	56246	80048	121231	159729	190057	226541	7158	106	313938	30547	64508	77205	94250	113359	143685	195863	248385	281622	7407	104	246884	47384	72287	77539	85194	94176	109385	151985	192425	247472	8576	125	276533	41579	70151	73002	80765	95932	126168	181219	248804	291186	121	106
288974	34893	60075	64075	73606	90450	121712	173957	256509	305376	102	111	322268	20336	35243	47712	73361	122265	191390	236550	249814	255080	7148	109	286620	43171	63977	65629	71461	80362	102072	143113	199461	267107	7244	119	253096	20649	41020	49550	60417	85225	124463	166132	188632	212913	7029	118	289143	18759	38560	44915	55765	80308	121027	160158	187439	216102	7294	106	313915	31200	65608	77916	93905	112719	143350	196106	251471	282630	7456	113	251785	48161	72122	77175	84404	94420	108790	149748	194265	247015	8710	117	276445	42291	70848	72780	81749	96144	126936	180967	247486	289735	110	119
292753	34858	60201	64951	74478	91851	121281	172727	254151	304799	118	112	327300	20846	35261	47372	74261	122876	190623	237785	252741	259019	7377	107	286446	44246	64526	65608	71252	81657	101594	141676	196830	267586	7286	111	255159	20583	41084	49978	60579	84836	125858	165448	188947	213797	7099	124	290495	18986	38919	45605	56348	80679	121732	160588	189659	229247	7320	114	317818	31419	65680	76855	93766	112966	145345	195588	253308	284374	7610	99	249952	48429	71696	77132	84533	93856	109394	150035	193555	247899	8881	120	280885	42081	70931	73630	81413	96391	128023	182401	248602	291795	137	116
295555	35356	60461	65024	74004	90609	121953	174019	254200	305096	116	103	324650	21054	35928	48105	74386	123814	192994	238701	252970	260261	7433	108	287005	44922	65674	65879	72419	81896	102727	142293	196671	266746	7382	102	254836	20995	42126	50166	61274	85237	126502	167585	190019	213870	7333	113	290613	19277	39559	45656	56177	80469	122729	161909	191254	229486	7497	102	318225	31938	66415	78748	93398	113857	144270	195638	253194	286586	7587	109	254692	47893	71605	77901	84817	94525	108783	150531	192171	248559	8791	108	280299	42633	71658	73282	81638	96032	126262	181388	247665	292170	130	115
297658	35606	61017	64739	74143	91072	122442	173713	257015	305827	113	99	325931	21436	36152	48204	74367	124237	195496	242381	255287	260813	7556	105	290993	45640	66383	66430	71530	81507	101738	142425	197394	265920	7492	106	258916	21123	42400	50398	61241	86262	125356	165993	190302	228548	7379	104	293599	19191	39617	46122	56834	81119	123314	161101	190220	215840	7608	106	319040	32279	66304	78618	94059	114782	146148	194916	253124	285065	7690	110	254749	48869	72001	76659	84091	93559	108814	149058	192716	244548	9058	116	283105	43158	72133	73372	81976	95918	127072	180823	249431	292584	120	111
299178	35925	61034	64935	74738	91454	121341	173626	257023	304760	105	115	331610	22101	36671	48442	74242	124232	194186	241715	257410	261430	7751	107	293740	45903	66928	66365	72446	81463	102098	143895	196713	268118	7534	88	259486	21249	42395	50774	61605	85644	126095	166468	190533	224922	7413	111	289974	19510	39848	46027	57302	82016	122493	162312	190686	231509	7789	109	320935	32640	67369	78176	94126	114449	144003	194982	252580	287130	7900	120	260131	49099	71957	78393	84007	93812	108736	149666	194297	244806	9173	110	284348	42802	71851	73946	82167	95627	127891	179288	247866	290559	125	109
300563	36674	61921	65524	74676	90513	121633	174732	258298	306430	103	103	332268	21919	36382	48590	74125	123295	195136	243898	258831	265897	7760	121	292889	46440	67467	66465	72610	82025	100941	141604	196377	267549	7562	102	262161	21498	43045	51098	61094	85570	126015	166654	190882	216920	7553	114	290137	19291	40175	46340	57336	81793	123400	161650	191521	228443	7724	112	321720	32771	67332	78094	94067	115174	145765	196047	253703	286665	7995	115	258962	49495	71639	77829	83534	93975	108468	150554	191591	246120	9306	115	286559	43777	72846	74251	81883	96227	127251	178964	246429	291293	119	113
302922	37216	62693	65841	74556	91317	122530	173977	252996	307586	106	112	336141	22523	36777	48705	74464	124476	195121	245591	259304	267886	7748	107	293361	46543	67959	66487	72889	81684	103378	141984	195868	265022	7701	113	264269	21684	42989	51192	62132	87111	126522	166167	190386	227621	7632	118	289038	19947	39999	46575	58034	82600	123831	162442	190462	230002	7792	111	320736	33093	67562	78696	95225	115264	144606	197488	254480	289424	8066	121	261544	49304	72527	77411	83843	92242	108003	149522	192431	246796	9423	118	289945	43956	71822	74282	82001	96928	128057	179211	248431	292681	128	107
308839	37343	61503	66186	75093	91670	120987	173460	254651	307456	100	107	335592	23022	36788	49376	75276	124000	196693	245973	262219	270049	7889	102	295125	46539	67838	66390	72148	82295	101952	141053	195173	265479	7769	117	266831	22140	42972	51265	62397	86693	127181	167123	190761	215850	7792	115	293512	19883	40438	46770	58010	82898	124571	162149	190614	229927	7968	108	322563	33435	68328	79054	95671	114778	144801	197418	252233	290637	8065	109	262520	49623	72367	77480	84087	93300	108470	150369	193474	246937	9414	131	293985	44114	72521	74415	82290	96016	127667	181190	247474	292384	118	123
309195	37692	62595	65786	74846	91061	121839	174414	256406	307868	122	123	339448	23317	37385	49380	74589	125383	196714	247989	263442	272855	7956	105	299993	47196	68292	67107	73324	82309	101724	143591	197594	267239	7946	106	269388	22265	43142	51762	61999	87008	127110	166797	190815	216063	7826	112	294317	20043	40498	46945	58443	83884	123846	162707	190309	228865	8035	114	326236	33629	69001	78611	94226	115456	144810	196090	254806	288386	8178	111	264453	49738	72930	77059	83939	93655	108892	149244	193949	245641	9578	127	294513	44929	73832	74609	81939	97796	126334	181361	249915	293828	106	113
308488	38150	63428	66303	75364	91651	122405	173166	253826	307491	117	116	343531	23252	37531	49203	75482	125057	197818	249068	264987	272284	7932	121	303070	48131	68759	67121	72760	83000	101818	142664	195370	267049	8083	110	269874	22405	43124	51113	62949	87998	126973	165657	189954	225413	8063	120	291916	20505	40827	47737	57896	83837	125434	162424	189345	230152	8192	114	324099	34049	68837	79470	95277	114934	146753	196045	255470	286209	8495	125	265209	49790	72841	77728	83838	92586	107931	148925	191471	245406	9648	119	295180	44712	72505	75284	82428	97492	127437	179385	249219	292412	127	104
312670	38290	63350	66820	75453	92162	120887	172819	254780	309653	115	111	341942	23493	37547	49618	75375	126068	198083	250367	267560	275081	8144	116	301122	48164	68798	67461	72960	82306	102220	141604	196640	268693	8065	97	271246	22661	43441	51782	62693	88059	127503	167124	190028	227864	7991	105	294595	20509	41112	47053	57992	84122	123806	162800	190145	230861	8071	100	321366	34376	69296	80327	95300	115525	145534	196196	251868	286709	8365	115	269146	49996	73249	77354	83654	92977	108096	148527	192765	244487	9907	137	295514	45307	72951	75289	82235	98102	126740	179972	248208	292716	102	113
314082	38568	63512	66995	75355	92137	121357	174117	256225	307301	110	116	343868	23741	38019	49335	75833	126925	198273	252891	270101	275328	8181	107	305273	48070	68968	67384	72576	82788	102717	140996	195467	265588	8162	117	273774	22629	44051	52459	63191	88308	128533	167590	189839	226741	8181	109	294520	20521	41249	47141	58414	84333	124961	161269	189297	231132	8159	116	324042	34917	69581	79993	94571	114383	144782	195757	255169	288630	8464	107	270444	50335	73285	78019	83794	92886	108072	150232	192401	245835	9922	121	297472	45399	73730	74641	81912	97741	126023	180601	249817	293196	119	122
317544	38935	63588	66896	75460	91140	122317	173504	254419	308122	114	104	346296	24598	37904	49973	76217	126053	198072	251655	267095	279310	8312	110	308460	49053	69741	67600	73334	82285	102289	143040	196990	268251	8302	103	276257	22782	44312	52067	63285	88152	128255	165463	190587	226463	8218	118	294970	20823	41319	47258	58801	84493	124459	160993	190962	229238	8308	123	326195	34913	69941	80524	95397	114800	144592	196133	252407	288532	8585	125	272106	49951	72470	77438	83931	93538	108036	149268	190792	244750	9968	132	303478	45573	73881	75398	81043	97506	127728	179096	249723	291880	111	113
319075	39481	64254	67281	76377	91445	122266	173515	256377	307751	114	121	349225	24914	38520	50117	77081	125976	201153	254184	272099	279122	8492	114	308235	49504	69974	67448	73250	81936	104355	141591	195264	267271	8350	114	278000	23076	44516	52101	63856	89184	127581	166952	189117	227035	8237	115	295069	20961	41977	48020	58759	84303	125291	161810	188126	230187	8409	100	324652	34923	69965	80046	94836	115530	144950	196358	254711	289368	8610	110	273936	50733	73069	77023	83531	92030	107464	149839	192452	247149	10163	122	305217	45668	74080	75401	82279	97763	126000	178521	250743	292289	140	125
321739	40175	64696	67048	75520	92543	121860	173025	256968	308721	117	119	349396	24719	38839	50924	76232	126525	204055	254888	273555	279732	8427	106	310051	50198	70552	67678	73256	82766	102620	140593	196910	267495	8478	102	277507	23276	44627	52162	63639	89320	128751	165668	189449	217039	8394	110	296864	21141	41895	47924	59043	85319	125215	161584	188621	229555	8607	123	325890	35289	70549	80500	95614	115483	144849	195614	251676	287115	8628	110	272906	50219	73553	77415	83313	92458	107865	149575	192547	245804	10288	132	307234	46411	74683	75351	82122	97051	126496	179941	246933	294117	148	130
324059	39761	64161	67169	75720	93137	121884	173509	253722	309775	118	113	352117	25274	38721	50703	76598	127774	202881	254295	273269	281820	8705	119	312072	50325	71541	68293	73519	83152	102874	142544	195417	267078	8569	106	283512	23525	44665	52624	63996	89898	128744	166750	189846	225156	8470	114	297377	21265	41892	48406	58639	85149	125455	161566	190178	228113	8649	110	329960	35720	70433	79799	95833	116532	145314	197294	254887	288086	8874	114	277469	51415	73418	77766	82440	91866	107391	148629	191754	247432	10536	138	306577	46782	74469	76109	82222	96983	127645	178888	248423	292188	114	118
328103	40006	65311	67505	76015	93116	122025	173985	257245	308332	126	119	353234	25417	38940	50968	77426	127818	202944	257609	273420	283689	8630	115	313295	50265	71537	67584	74265	83372	101628	142427	197060	267766	8570	118	283843	23802	44931	53106	63200	90107	129358	165889	188685	214694	8543	126	295352	21461	41758	47970	59756	85503	125846	162017	190183	216536	8748	106	327025	36330	71041	81187	95656	115673	144601	196282	252890	287397	9057	117	277548	50731	73609	77885	83399	92603	107057	150359	193591	243458	10510	146	309017	46286	74398	75984	81488	96540	126005	178549	249132	293285	128	133
327051	40353	65021	67600	75649	93352	121699	173294	256712	309932	129	114	350518	25421	39434	51139	78009	128559	203733	257348	274455	282505	8805	116	317808	51121	71234	67567	74031	82751	102058	142642	197922	269089	8658	111	284370	23739	45065	53159	64319	90409	128996	165435	188976	215231	8625	103	298172	21586	42119	48206	59389	86713	126779	162456	188473	229821	8851	112	329244	36469	70740	80758	95965	115419	144870	197099	254700	286749	8994	116	278002	51040	73346	77787	83298	92492	107224	148779	193293	246108	10624	115	313666	46853	75221	76034	82519	96909	126605	179687	249485	294087	110	116
333061	41215	65302	68013	75540	92305	123331	174257	254495	311080	116	117	356566	25890	39363	51223	77799	129273	202859	259962	277607	284720	8890	111	317682	50450	71971	68463	74629	83599	102689	142981	197002	266967	8564	109	286701	23975	45554	52963	65183	90754	129227	165825	189747	214816	8674	104	299939	21545	42672	47865	59111	85983	125143	162313	187624	228962	8881	121	329895	36597	71235	80983	95677	117062	145174	195240	253463	288179	9248	112	282673	51396	73955	77915	83799	92059	106240	147947	190051	244634	10774	127	314669	46825	75106	75088	82869	96991	127557	180361	245840	293639	136	124
334367	41270	65971	68063	76389	93546	122469	173790	256491	309562	123	128	353206	26460	39654	51916	77814	128404	206230	262012	279518	284730	9039	119	320245	51123	72738	67809	75031	83507	103200	141449	196777	267808	8766	107	288724	24305	45665	53023	64866	90664	129216	166112	188107	212894	8780	114	299957	21565	42371	47799	59678	85682	125929	161375	187986	231258	8954	129	326424	36835	71627	80720	96815	116714	145133	195145	252624	289052	9203	101	279783	51534	74257	77785	82897	91502	106982	146178	187867	242043	10843	132	317278	47405	74908	75874	82884	97540	126564	178727	249053	295763	122	107
336604	41895	66723	68456	76463	93991	120796	173488	255823	309044	112	116	358707	26410	40306	52381	78531	128217	205930	262013	279976	288137	9021	117	322513	51632	72271	68359	74107	83741	102018	142157	197959	269211	8938	99	289094	24338	45812	53174	64703	90446	127942	165772	188852	213869	8864	130	301041	21700	42887	48367	59657	87796	126387	160420	187371	227612	9052	106	329530	37435	70918	81788	97105	116681	143873	195582	252119	288378	9328	122	281726	52002	73778	77057	82306	91310	106213	146454	188842	241246	10890	136	319137	47832	75016	76173	82924	97716	126687	179559	249677	295098	116	110
339619	41909	66262	67935	76552	94162	122823	173124	256205	308691	114	101	359641	26686	39995	52628	78383	127997	204559	262124	281086	289170	9063	107	321176	51951	72407	68950	74740	83444	102140	141974	195864	266845	8934	110	290961	24930	46057	53251	64642	92011	129480	164740	187518	211926	8905	114	300047	22160	42785	48838	59977	87026	126188	160020	186561	228599	9051	116	331040	38040	71711	80854	96064	116403	144071	194030	253457	289769	9320	119	284420	52251	73820	78005	82997	91026	105773	144008	186030	238534	10954	128	318600	47972	75423	76208	82812	96635	127035	181024	250014	293094	117	111
340512	42022	66030	68445	77043	93801	122530	172820	257394	313022	126	116	357819	26569	40327	52560	78542	129194	207063	262450	282534	290171	9263	123	327072	51758	72520	69326	74117	84567	102633	141986	194650	267247	9057	128	291573	25012	46265	53227	64478	90886	129023	164784	187401	211846	8983	129	302386	22294	42785	48935	59521	87784	127409	160025	186491	215987	9160	112	332169	37807	72287	81455	95436	115706	145069	195466	252440	287557	9602	115	283117	51695	73536	77406	83258	90928	104625	143815	186242	235491	11126	127	319906	48591	75732	76201	82896	96542	127567	178644	250743	295036	110	112
343812	42143	66218	68071	76750	94682	122597	172208	257536	310299	117	104	360692	26958	40607	52936	78981	130126	205280	264906	282381	288307	9238	114	326346	52384	72432	69277	74800	83307	102674	140325	193037	265740	9200	104	293715	25127	45895	53712	64256	91665	128597	165448	186506	211305	9098	99	304782	22412	43260	48172	60224	87301	126729	159559	186463	225917	9315	103	333285	38426	72668	81346	97273	116042	143899	194195	249488	288621	9473	127	285165	52615	73185	77723	81316	89997	104586	142410	183168	236467	11197	141	322429	48070	75989	76190	83371	96390	125475	178538	249797	293621	127	104
345877	43045	66437	69089	77504	93381	123178	174495	258371	309861	125	120	359337	27072	41100	53332	79559	129906	207761	268882	280156	288073	9257	114	329288	52615	73153	70302	75336	84615	102008	139516	193256	265785	9224	106	295267	25354	46189	53607	64454	91365	130020	163958	185540	213067	9108	121	304403	22896	43079	48195	60117	87084	126402	160090	186262	214997	9273	115	334361	38357	72910	81852	96558	114657	144050	195193	252171	289483	9729	113	285246	52609	73205	77304	81628	90142	104086	143306	183095	233820	11410	127	319727	48737	75296	76131	82612	96098	125324	179807	249019	294520	117	123
345251	43030	66068	68848	77432	93345	122259	173911	258944	310012	130	118	360494	27201	40766	52938	79708	129060	206710	266919	282490	290469	9296	106	327398	52959	72571	69227	75263	84393	101050	139746	192432	264685	9203	103	293792	25445	46543	53906	64910	91817	129137	165234	184946	210910	9284	128	304086	22969	42837	48486	61126	87831	126239	158500	185799	214597	9269	114	332714	39124	72781	81732	97298	115555	145653	193781	251172	287459	9737	122	284319	52623	73514	76725	81574	89655	103114	141871	179910	232705	11421	133	323916	48735	75629	75785	83310	96662	125765	178673	248503	293355	131	116
350308	43555	66785	69340	77528	94701	121278	171751	257177	310622	114	113	362796	27754	40815	53121	79221	130335	207899	266810	286490	293529	9331	116	331444	53246	73196	70067	74732	84429	101342	138711	191202	260329	9374	120	299808	25669	46708	53819	65452	91653	128492	163908	184267	210563	9222	116	303508	22686	42943	48841	60825	87712	125872	159011	185200	213791	9540	117	331354	39265	72986	82333	96756	116129	144891	195315	252593	287605	9807	113	284737	52938	73618	76479	81622	89812	102552	140360	179937	230635	11468	139	324158	49622	75608	76505	82993	96561	124633	177230	246541	291483	123	123
352301	43473	66798	69390	77621	94520	122272	172883	257133	309444	111	114	364500	27435	41353	53083	80026	131171	207487	269435	286847	292451	9486	110	334626	53271	72634	69729	75585	83576	101874	137924	190026	260570	9419	121	297986	25721	45925	53994	65233	91713	129744	163896	185509	210731	9351	135	307422	23380	43479	48912	60889	88264	125988	160563	184588	211318	9562	109	331971	39570	73236	82580	97185	115388	144774	194574	251657	287850	9790	106	288214	52862	73439	76636	81521	90290	102607	139207	178285	229644	11602	140	326017	49768	75078	75628	82910	95511	124716	175139	242666	290028	117	109
354884	43939	66716	69320	77315	93823	122578	169509	252434	306384	126	118	363708	27824	41702	53945	79110	129809	209503	269055	288504	294437	9725	115	337018	53890	72715	69338	75115	83457	101942	137320	187705	256453	9633	107	299256	26183	46575	53667	65517	92104	128026	163167	183972	209340	9375	111	305858	23130	43127	48713	60301	87309	125674	159055	183688	212415	9682	109	336758	40093	73594	82294	96915	115809	143220	193254	250328	290806	9834	122	286898	53156	72822	76267	80658	89873	102578	138321	178143	226119	11746	116	325026	49656	75534	75502	81674	95730	122082	173257	242322	290254	134	109
357650	44043	66891	68473	78492	93558	121641	170271	252364	305411	116	113	366725	27862	41586	53892	80524	130129	210313	271446	288193	295550	9601	110	336757	54118	72850	68715	75794	83941	101113	136685	185879	255691	9725	105	302556	25775	46751	54190	65435	92218	129084	163658	184430	208165	9560	115	306268	23191	43293	49321	61057	88041	125765	158484	183699	211958	9722	122	335885	39941	72996	82023	96641	115928	142940	192430	251777	285650	10067	119	290129	53818	73236	76140	81754	89291	101758	138464	175642	213011	11850	132	326239	49757	75408	76093	82501	96603	123478	173153	240391	284672	115	117
361105	44370	66785	68984	77536	93821	121524	170135	249753	301805	115	117	367133	28162	41758	54549	80617	131263	210196	270753	289466	294728	9775	108	337631	54484	72772	69776	75799	83890	101394	136301	184851	254948	9662	111	304039	26335	47070	54333	65435	91987	128178	162993	183131	208438	9625	115	307857	23675	43318	48749	60876	87659	126003	158391	183687	211504	9967	124	337740	40235	72654	82423	96645	114708	141900	193674	251923	287951	10150	102	291160	53940	72813	75601	81622	89524	101874	137190	175350	211481	11831	130	327828	50086	75128	74917	82765	96602	122991	172976	239133	283115	128	123
360739	44220	66502	68926	77293	93895	121690	168753	247429	300825	121	112	364494	28283	42229	54226	81060	130314	212161	269075	289175	296872	9909	117	338099	54085	72461	69695	75486	83644	101475	135050	184405	251277	9920	125	303403	26335	46397	54308	65900	91924	129069	162940	182381	206621	9730	127	304335	23730	43820	48799	61554	88489	125390	158499	183131	211115	9960	124	333031	40309	73255	82446	97051	114919	141889	191153	251306	287546	10176	112	291208	53893	72118	76100	81131	89131	102218	137610	174374	211572	12048	139	328028	50855	73877	75593	82899	97165	122296	172928	235934	281863	124	103
362493	44567	66663	69183	77564	93370	121697	169296	245416	298237	123	104	367323	28503	41837	54546	80182	130973	208764	270102	288754	297610	9845	102	338707	54585	71724	69850	75239	83564	100750	135725	183017	250125	9753	118	303967	26645	46902	54456	66135	92394	128988	160806	182033	206274	9669	114	302984	24002	43952	49246	60845	88343	125181	157496	180879	208370	10072	124	337228	40402	73384	82441	96682	116651	141418	191495	249815	287064	10241	114	290529	54120	71799	76358	80545	89145	101951	136844	173768	208912	12094	142	328943	50319	74753	75690	82677	97006	122442	170478	238348	278905	129	119
363165	44921	67273	69090	77983	94209	120583	166406	244735	296425	133	119	367032	28444	42298	54633	80654	129889	210146	271752	290362	298895	9981	112	341401	54955	71630	69946	75630	84632	101154	133770	183676	248369	9895	127	301481	26661	47298	54028	65878	91831	129478	161061	180776	206965	9769	107	305783	24257	43398	49258	61489	87555	126210	158230	180979	208517	10217	108	336894	40580	72806	82838	96107	114578	140907	190095	248930	283731	10389	105	291389	53783	71512	75866	80297	89102	101588	136472	172980	209533	12311	139	328809	50738	73893	75329	82474	95639	122896	171324	233614	276508	129	120
366679	44467	66230	69172	77097	94666	121351	166702	243948	295673	126	120	368112	28714	42503	54281	80686	131391	211522	272173	291032	298150	10140	103	342939	54595	72061	69865	74917	83532	100787	134013	181902	247238	9890	118	303313	26871	47228	54124	66493	91731	127911	160641	181453	203987	9949	115	303466	24314	43622	49270	60977	87875	124945	157968	181894	209079	10052	110	334282	40999	72842	82260	95960	115354	141268	188366	246275	282679	10443	129	292965	53593	72311	75466	80475	88009	100178	134997	171338	206311	12190	139	329904	51042	74353	75334	81902	96204	121711	171091	233528	276840	123	127
368331	45068	66592	68854	77405	94144	121794	165845	242256	293832	112	118	369582	28930	43080	54753	81442	131307	210087	272758	291015	298974	10259	123	343610	55062	72360	70433	75389	83404	100939	134266	178683	246673	10024	104	305439	27310	46803	54572	66407	92074	127901	161306	181564	203486	9918	114	300672	24456	43984	49505	61727	87731	125502	157286	182820	207889	10267	108	335237	41672	73041	82286	97279	115736	140866	187608	243997	280751	10477	137	290885	54258	71298	75461	80057	89319	101456	134993	170937	206190	12331	136	332718	51594	73898	75221	82398	96448	122814	169603	233586	275439	131	112
370327	46078	66191	69391	77756	93763	122379	165629	241016	293585	119	128	371641	28983	42925	55163	81095	131755	211394	272694	290198	299975	10251	116	341778	55159	72135	69907	75105	84000	100263	133925	179801	242937	10109	121	304108	27167	46751	54401	66943	92038	128426	161457	180023	203841	9985	113	299238	24607	43607	49536	60969	88146	125736	154735	179943	207234	10239	121	334989	41458	73199	81514	97287	115635	140854	185498	245205	279125	10748	117	291324	54359	71672	75132	80158	88766	100538	134121	170634	205286	12371	124	332817	51296	73287	74952	82429	95975	122431	168539	232153	272944	115	122
373018	45986	66722	69257	77512	94059	120657	165117	238962	289864	98	124	367625	28776	43242	55011	81071	131938	211047	272399	292468	300144	10341	113	344525	55707	71720	69660	75773	83368	99925	134109	177552	243567	10167	113	303634	27449	47467	54476	66589	92096	127577	160860	180759	203855	10082	139	297681	24634	43876	49128	61161	88475	126139	157094	179505	206707	10311	111	333807	41735	72346	83063	96671	115866	140461	186706	243283	277298	10763	108	293323	53890	71417	75394	79714	87385	100190	133617	169751	204339	12555	135	336513	51499	74088	75521	82596	96506	122611	167480	230780	274524	117	129
375479	46029	65992	69276	77109	94459	120313	162713	238444	289133	118	120	370132	29659	43358	55499	80707	131627	211853	273663	290610	299593	10344	127	343002	55804	72318	70227	74979	83472	100338	133571	177149	242151	10189	106	305995	27594	47073	55114	67020	91655	128471	160895	179002	203366	10298	109	295657	24640	43894	49106	61516	88334	125199	156971	179325	204642	10460	112	329869	42221	73462	81994	96256	115494	140214	184948	240709	277043	10763	121	290682	54345	71909	75776	80005	87820	99982	133072	168862	202106	12587	145	334644	52051	74053	75426	82450	96121	121723	168016	229155	271114	139	127
374264	46477	66473	69248	77513	93839	121357	164146	239586	285931	127	112	369280	29455	43210	55505	81118	132004	213036	274960	293220	300879	10517	91	347497	56174	71988	69803	75676	83207	99650	133271	177767	241097	10278	118	308876	27779	47283	55115	67065	90905	127984	160099	177694	202481	10279	114	296993	24977	43860	49173	61070	87262	125117	156070	178292	203884	10596	109	328498	42451	73066	82293	96385	115584	139640	184818	238547	274344	10982	115	291290	54456	70887	74795	79367	86753	99028	131471	166678	201515	12722	128	335225	52325	73678	75734	82965	96303	121786	168474	229479	268985	128	114
375788	45982	67093	69743	77401	93306	120585	164078	237239	284604	136	128	368296	29651	43259	55344	81234	131824	212525	275821	293071	299261	10553	119	344765	56447	71922	70138	75475	83097	98992	132287	175259	239249	10295	122	308730	28017	47333	55167	66687	91825	127946	160113	178118	201852	10327	101	296556	24950	43840	49760	61964	88033	124405	156309	178698	203168	10572	108	327014	42873	72810	82273	96496	115440	139369	184080	238692	272555	10763	125	294375	54415	71227	75005	79191	87013	99219	131447	166148	198156	12606	134	334368	51904	74163	75652	82005	95429	121068	167127	228186	268707	119	125
380760	45826	66307	69717	77338	93371	120465	162869	236542	285226	122	121	366627	29779	43187	54715	81766	130522	210639	273238	295952	299155	10451	105	347160	56358	72055	69878	75275	83043	99655	131870	177051	237790	10479	116	307746	28026	47011	54808	66803	92011	127291	159880	177972	200198	10394	110	293280	25271	44036	48999	61781	88550	124290	155171	177885	203074	10675	112	324547	42898	72360	82046	96824	114843	139932	184039	235594	271261	11027	118	294659	54435	71667	75270	79013	86667	98691	131189	163859	197886	12855	129	338455	52437	74055	75962	82678	94875	120717	166102	212860	266526	120	119
381187	45479	66083	69350	77807	93278	120362	162888	237728	281884	127	116	365811	29612	43629	55548	81679	131402	212176	274776	295032	299317	10702	129	348326	55544	72923	70437	74777	83149	100058	131000	174569	237958	10493	113	307805	28114	47110	54587	66731	90890	127154	159316	177673	200593	10469	111	288302	25394	43587	49242	61447	88261	124529	155241	178061	203655	10616	123	323174	42824	72750	81644	96945	114895	139911	183033	234754	269163	11231	124	292742	53804	71222	75696	78321	86443	98362	130523	164106	197442	13037	130	333469	51570	74607	75756	81900	95479	120178	166656	223712	262059	120	113
381560	45597	66402	69317	77774	94250	120125	162283	235144	281938	126	104	365073	29889	43434	55707	81139	132014	211421	275925	295537	300913	10721	120	348453	54639	72645	70134	74654	82665	99266	130459	174084	234375	10465	110	307811	28267	46929	54744	67192	91335	126955	159098	177069	198635	10499	115	289388	25374	43632	49377	61820	87830	122713	153854	178185	203134	10902	125	321763	43133	73434	82368	96346	114414	140024	181633	233651	266798	11099	128	293754	53042	71438	74596	78938	86493	98333	130188	164353	197569	13069	139	334690	50512	73654	75886	82044	95596	120423	164871	210760	261838	114	118
383637	44925	66338	69805	77004	93407	119524	162528	234666	281947	106	116	365798	30377	43497	55787	81169	132527	211954	275757	294917	300237	10821	126	350987	54009	72672	71051	74791	83196	99095	130137	173641	234633	10594	136	308425	28546	47876	54358	67116	91474	127292	159496	176968	199163	10537	117	286299	25490	43887	49029	61651	87520	122737	154851	176059	201436	10889	124	319235	43386	72850	82154	97124	115053	139503	180962	232480	268330	11100	131	291863	52166	71510	75311	78894	86183	98494	129942	163891	197693	13012	117	339143	50234	73992	75702	81785	94738	119934	163550	210417	261738	123	133
384077	45244	66598	68833	77547	93583	120294	162470	231880	277779	123	124	359825	30493	43728	55915	81463	131679	211544	274768	295098	302000	10774	101	351121	53725	72757	70368	74980	83037	98658	130498	173247	233914	10738	124	308780	28365	47026	54815	66777	91869	125915	157384	175042	198865	10643	116	284996	25828	43941	49666	61704	88189	122822	154039	176291	201491	10724	134	317308	43306	72334	82271	96504	115039	139127	181642	232420	264557	11215	123	294820	52140	71793	74204	79631	86932	98280	131033	163621	197575	13177	124	340386	50030	74272	76176	82235	95416	120325	164009	210853	261124	129	117
384981	44668	67049	69635	77125	92993	119534	162065	231930	277913	137	108	361124	30704	44332	55926	81172	131652	212189	276682	296577	299889	10896	111	351600	53674	72506	69857	74847	82890	99810	130033	172026	232867	10787	116	309067	28451	47557	55389	67161	92168	125613	157273	175400	197200	10660	115	284924	26056	43836	49263	62261	88435	121961	152978	176342	200657	10945	119	317222	44064	72711	83044	96297	114569	137980	180267	232779	266075	11366	120	294899	51989	71368	74549	79026	86951	98296	130780	163399	196427	13170	131	338907	50480	74285	75703	82588	95571	120445	164997	211721	261199	136	123
385011	44634	66944	70325	77454	93316	117892	160271	233642	275320	133	132	357139	30464	44045	55999	81041	132017	211557	277150	294951	301769	10991	123	353454	53689	72627	70429	75765	82717	98530	129244	170788	231307	10876	115	309705	28851	46875	55116	66694	91710	125536	158088	175969	197512	10814	113	281636	26264	43777	49736	61789	88218	123205	153500	174410	201891	11052	123	313914	44080	72567	82084	96052	114528	138166	180197	229967	263327	11345	131	291703	51902	71533	73727	79039	87189	98294	131350	163507	196771	13566	134	339126	50305	74440	75870	81377	94593	120263	165225	210435	261521	133	105
388143	44413	67170	68892	76718	93555	118838	160254	228804	272601	124	114	352852	30971	43847	56137	80830	131397	212116	275714	296281	299858	10994	117	351869	53410	72809	70775	75154	82512	99069	129179	171262	215770	11059	114	310392	28849	47394	55242	67146	91313	124907	157085	174789	198047	10767	127	281316	25938	43596	49781	62014	88694	123549	151820	174960	199389	10991	117	315326	43716	72464	82127	96354	114049	137475	178008	230181	260888	11382	111	294031	51610	71861	73721	79090	86439	99310	130088	163533	197809	13409	125	339678	50202	74320	75379	81667	94496	119770	164200	210395	261755	132	119
391133	44697	66257	69195	76580	91655	118942	159793	216626	272479	128	111	353825	31098	44277	55906	81361	132218	210697	276839	295758	303877	11088	120	353869	53938	72218	69827	75119	82871	98316	129433	169750	215362	10922	110	308523	28659	46951	54545	67356	91252	124798	157234	174521	196361	10737	116	281527	26379	43763	50107	62484	88451	123102	152459	174090	200028	11188	122	310663	44518	72446	83093	95922	113590	138346	177579	228674	261575	11546	109	294002	51516	72252	73821	79033	86143	98062	129501	163479	196143	13601	139	337237	50518	74221	75212	82239	95261	119690	163660	209879	261233	130	126
390257	44327	66658	68607	77361	93031	118642	160332	227878	272805	114	110	351266	31323	44128	55781	81545	131858	212068	276794	294686	302317	11188	106	352809	53728	73197	70217	74433	82994	98441	128660	168783	215747	10912	110	309897	29184	47027	55285	67339	92308	124631	157480	174472	196702	10899	121	279489	26517	44016	49954	62581	88134	123323	152717	172518	198790	11054	113	308940	44466	73019	82724	96124	113481	138540	178696	213026	260413	11403	116	295411	51427	71854	74274	78551	86665	98877	129491	163668	196339	13860	129	340816	50436	74396	75155	82171	95429	120249	162187	211256	260006	126	115
393231	44804	66461	68985	77198	92553	118929	159405	214703	271436	140	112	349487	31128	44010	55881	81125	131272	212735	279303	295550	303146	11169	113	353791	53734	72665	70038	74832	83009	98709	129136	168146	226904	11037	119	309544	29404	47246	54741	66874	91747	125191	156483	172727	194812	10984	128	279141	26557	43745	50224	62503	89272	122348	151731	173472	198240	11132	110	309052	44554	72732	82541	96794	114562	137275	178819	215453	259240	11379	134	294929	51550	71819	74039	79200	86425	98037	130614	163387	194674	13783	139	341769	50664	74705	75022	82758	95710	120253	163490	208546	260873	127	112
389907	44457	66804	68815	76859	94215	118822	156761	215897	269583	124	114	348523	31448	43929	55657	81152	132006	213193	276521	295518	304176	11133	121	353469	53569	72792	70949	75046	82758	98151	129072	168336	214616	11078	115	312897	29349	47901	55954	67021	92094	124873	156968	172807	195530	10920	127	277201	26598	43788	50175	62344	88341	122421	150613	174388	198962	11272	126	307405	44841	73020	81303	96249	113527	138928	176692	212963	255972	11498	133	293481	51018	71090	74630	79216	86605	99138	131145	162747	194753	13824	143	341788	50400	74643	75468	81877	95109	120354	163078	220132	261453	120	124
390562	44434	66895	69096	77022	93112	119229	159195	227369	271258	140	104	346442	31788	44031	55710	80786	130634	212001	277052	296852	303677	11246	115	355715	53701	73008	70501	75338	81995	98751	128315	169265	214970	11036	119	310008	29465	47616	55707	67737	91700	123990	156427	172088	194490	11119	127	276492	26882	44274	49964	62366	88415	122861	149373	174539	197503	11368	113	305671	43545	72927	82050	96460	114100	137382	178177	213288	255780	11597	126	292491	51840	71947	74042	79429	86569	99021	130690	162922	197180	13881	126	339917	50314	74920	75503	81451	95643	119903	163199	209247	261433	128	114
394066	44828	67069	68679	76966	92493	118091	158844	227160	270640	129	120	344322	31840	44235	55590	81093	130947	223208	276660	296663	301830	11407	109	351921	53307	72359	70297	74596	81824	98861	128809	170313	225105	11212	122	311211	29567	47332	55106	67617	92568	125445	156991	172773	194465	11058	120	276738	27114	43808	49997	62239	89130	122430	150249	173456	196129	11265	125	306309	43408	73088	82016	95581	113272	137876	179110	212338	254868	11685	121	293749	51072	71865	74474	79245	86182	97156	130214	164201	196061	13819	142	340423	50710	74623	74918	82128	95615	120909	164424	209562	259804	145	115
393278	44772	66778	69687	77149	92594	119320	158497	214791	272806	128	121	343596	32147	43897	56095	80777	129940	213375	277380	297071	300758	11545	118	355608	53276	73124	70525	75057	82573	99091	128724	168109	214333	11129	124	312738	29626	47371	55468	67403	91697	126069	155243	173828	192343	11112	125	275492	27033	44493	50716	62670	88865	123467	149274	171062	195025	11267	131	308674	43167	72994	82111	96572	114317	139043	177649	223409	253570	11712	116	295199	51513	71954	74190	78747	86806	98491	130156	163312	195309	13893	133	340821	50111	74413	75278	82527	94219	119568	163740	210259	258348	127	120
393698	44328	66856	68749	77161	93516	118705	158197	226779	270001	130	104	340770	32211	44022	56251	81228	130121	213522	277305	298486	302480	11429	128	357412	53171	72500	70391	75623	83345	98253	128778	168431	212589	11193	109	312098	29428	48020	55686	67094	91974	125884	154440	170939	193009	10924	125	276537	26948	44517	50561	62178	88020	123386	150173	170694	193484	11389	124	305154	43240	72850	82329	96200	113231	137739	177275	212735	252816	11773	116	295086	51043	71565	73953	78931	86709	98134	130378	163229	196346	13926	138	340309	50358	75039	75478	81036	94797	119425	164163	209406	260286	123	127
394259	44142	66636	69154	77109	93137	117867	157748	225028	269841	119	120	338853	32258	44242	56466	81403	130107	211390	277140	299626	303072	11500	115	356575	53662	72785	70870	75131	82414	99066	128620	168304	214634	11310	133	311161	29904	47748	55433	67720	92845	126019	153177	172519	191948	11010	115	274774	27201	44170	50655	62383	88218	122473	149526	171017	196029	11412	124	302639	43519	73105	82970	95997	114591	137619	176158	212902	253236	11768	121	296863	51441	71477	74283	78365	86913	97892	130263	162862	196011	13811	135	342593	50443	74644	75366	82305	94668	119529	163433	208328	259484	122	126
394153	44732	67041	69284	77006	93370	119378	157786	213155	272037	132	119	341177	32386	44492	55990	81909	130479	212075	275841	297146	302667	11636	119	355491	53335	72627	70613	75416	82563	99102	129473	168328	225620	11377	121	308462	29593	48030	56056	68126	91339	125736	153461	171457	190419	11170	133	271452	27111	44375	50501	62537	88221	122829	150045	169113	195058	11338	113	304105	43218	73913	82100	96895	113962	137253	177783	212976	253932	11861	128	293081	51697	72031	74106	79885	86667	98509	129536	162878	196666	14132	143	343746	50113	75173	75152	81815	95471	119245	163647	209271	258348	128	109
397025	44665	66759	69382	77877	92033	118346	158548	225903	270502	129	127	338501	32612	44475	56703	81985	129619	212650	278635	297081	304600	11639	117	357339	53550	72489	70473	74142	82286	98584	128547	168296	213280	11296	121	312331	30113	47801	55757	66848	92598	123820	152359	172065	191878	11202	126	271443	27305	44289	50742	62277	88688	122622	150632	169915	192863	11541	110	301641	43365	73441	81979	96668	113959	138166	176541	213125	253205	11946	131	295263	51386	71997	74701	78850	86669	98169	130442	162140	196184	14029	133	340525	49966	74792	75800	81723	95008	120912	164156	208777	259361	131	115
395350	44323	67320	69115	76370	93093	118206	157166	225586	268609	112	111	336130	32550	44241	56512	81652	130041	211865	277436	298342	306795	11577	108	355735	53467	72656	70666	75430	82729	98727	127836	168509	223909	11202	123	315328	30020	48462	55942	66862	91240	125287	154034	171252	192227	11131	125	269832	27375	44698	50558	62025	89104	121869	149839	166966	194448	11457	129	301766	43015	73783	82059	95728	114417	137318	177221	211498	252694	12064	103	295249	51616	71487	74422	78301	86674	98819	130577	162916	196338	14217	137	340643	50712	74585	75540	82028	95485	120117	164005	208887	258610	126	127
