89	91	78	86	84	87	86	89	81	88	93	87	92	114	97	102	100	89	99	116	113	114	90	94	86	93	87	87	83	91	80	91	86	96	85	96	94	93	79	92	67	88	79	89	85	77	89	89	85	92	88	85	82	92	81	89	91	88	85	94	88	92	85	94	91	92	81	90	85	92	92	90	86	80	81	85	90	84	99	82	97	84	92	86	87	90	82	101	102	90	77	88	93	91	86	99
85	96	102	90	95	104	96	100	94	88	102	105	87	115	142	108	124	100	117	119	110	107	94	111	98	98	102	101	95	94	98	93	91	94	97	106	94	95	83	77	85	81	90	91	91	87	103	96	87	102	97	104	79	85	84	89	99	92	101	95	96	87	88	93	103	100	95	94	89	84	106	117	104	89	101	88	84	95	94	106	110	92	94	101	105	104	91	106	95	97	93	105	93	101	89	103
95	90	84	91	99	100	93	94	87	82	108	100	95	125	127	121	110	120	120	120	126	122	95	99	106	88	92	99	99	98	89	91	91	95	89	106	95	99	88	88	84	87	86	86	90	88	95	105	92	92	88	85	103	92	85	80	87	89	107	97	86	107	102	90	104	95	91	89	95	104	93	98	97	96	93	90	92	88	94	95	89	102	110	110	91	96	92	98	90	96	87	101	100	103	99	98
94	99	91	90	100	94	95	93	86	86	125	85	90	140	140	129	127	130	132	128	146	138	103	98	94	101	99	104	83	94	96	90	90	94	100	100	105	95	99	90	89	92	87	79	91	80	99	100	84	84	88	87	82	92	90	84	96	87	94	96	99	86	88	99	106	95	90	101	91	103	94	106	100	106	101	85	99	99	90	92	91	93	90	94	98	92	100	104	92	103	99	98	100	94	109	102
97	87	96	88	102	94	93	95	102	112	93	102	94	133	139	127	129	133	154	129	149	156	110	91	97	80	94	101	92	98	89	85	93	96	100	108	89	92	85	85	84	90	86	101	86	92	87	95	93	90	86	94	90	88	103	92	89	90	92	98	102	90	101	93	97	99	88	98	89	94	86	101	103	107	98	99	98	90	85	92	104	86	87	91	87	103	99	90	103	96	89	96	98	99	89	98
96	103	90	97	88	102	86	98	95	85	104	110	88	147	151	141	143	146	143	150	146	137	84	95	91	102	100	90	93	96	101	77	86	89	95	106	93	95	79	78	89	89	102	92	88	103	84	107	89	97	96	103	87	94	84	96	95	88	98	95	100	96	97	100	103	110	83	94	91	93	91	98	84	116	94	85	97	91	96	87	89	100	98	98	83	100	97	97	104	96	101	99	96	104	98	107
91	109	98	100	95	96	98	88	87	93	96	98	88	166	153	153	152	150	153	159	148	157	79	101	87	117	87	87	90	88	91	92	100	86	94	98	88	100	84	88	91	93	91	87	90	98	82	103	92	108	90	100	91	94	92	68	90	92	98	102	95	101	96	95	92	94	90	100	94	93	98	90	88	129	90	94	82	86	93	82	102	93	95	106	88	115	101	103	104	94	96	109	98	97	106	102
100	125	99	92	91	92	92	93	92	94	94	114	78	161	161	170	158	156	158	161	160	157	81	97	86	120	88	86	82	93	94	91	94	87	93	94	90	111	93	89	87	83	99	91	82	87	83	105	82	117	93	80	83	101	89	83	94	85	107	103	90	102	99	93	100	84	88	90	89	86	80	109	91	164	84	91	81	81	85	94	95	90	94	98	90	145	102	106	100	92	95	100	91	94	109	106
83	136	91	84	93	91	102	94	103	94	99	95	92	194	166	177	177	173	193	169	175	178	90	98	89	121	82	93	85	93	92	100	89	93	85	107	98	123	89	88	81	89	84	79	90	80	101	104	95	116	89	84	98	84	85	89	88	93	88	102	94	101	96	98	93	110	85	90	98	97	94	104	94	189	99	91	94	86	88	93	82	79	93	104	96	171	92	95	90	89	89	103	94	100	117	101
86	161	84	89	97	96	83	90	110	90	107	95	93	242	186	184	184	192	177	188	190	183	89	99	85	145	88	81	99	96	95	97	91	92	79	96	92	149	87	90	89	80	83	78	102	93	87	102	97	143	91	80	88	83	96	93	88	89	100	106	99	133	95	89	93	98	86	93	96	94	82	99	95	215	98	88	89	78	98	75	85	85	78	116	100	221	101	99	93	93	93	101	89	98	103	95
89	187	92	93	90	92	89	87	94	96	116	110	88	246	188	203	186	196	193	190	201	212	86	96	82	172	96	92	101	91	88	96	95	96	77	98	91	182	82	91	93	95	102	81	84	88	81	97	92	189	92	89	93	85	87	84	81	89	80	117	83	145	90	98	99	104	84	100	86	94	95	93	86	291	98	85	82	97	93	83	89	93	95	96	94	278	105	100	87	100	100	96	101	89	103	111
86	212	99	82	87	77	86	91	92	86	95	91	81	285	190	197	208	191	196	213	207	199	89	89	97	211	90	94	92	97	89	92	98	86	97	101	90	211	78	88	91	79	93	83	80	88	81	95	92	255	87	77	83	89	78	80	84	79	87	104	87	173	90	94	92	94	98	86	89	102	83	109	89	332	108	90	74	85	78	84	90	86	93	99	87	331	102	100	92	92	92	99	92	100	100	96
89	256	87	94	93	87	81	85	87	95	105	114	82	352	215	212	209	213	209	201	213	207	80	96	93	237	90	82	75	89	80	85	81	81	90	103	102	243	92	81	68	83	87	88	84	79	81	105	80	294	84	80	85	86	85	80	83	86	85	106	98	239	90	83	98	79	86	95	95	97	94	110	106	428	103	91	79	83	85	72	94	92	84	113	88	393	98	87	91	95	91	106	95	96	114	97
87	343	74	84	83	81	93	91	89	94	100	108	88	406	229	210	216	208	215	213	205	217	84	98	100	303	88	82	80	87	88	95	95	87	86	96	92	300	65	86	90	79	93	94	101	80	83	94	90	355	90	77	78	93	92	87	101	103	91	92	84	246	94	85	92	96	94	82	87	96	76	114	99	518	101	86	91	81	76	95	83	92	93	96	88	457	103	89	93	96	97	95	89	86	106	104
85	356	93	88	79	83	88	98	92	100	106	99	91	435	209	239	243	218	219	239	218	248	85	99	89	345	101	83	84	94	100	88	89	85	86	104	84	358	95	86	76	88	89	88	84	86	79	105	88	419	88	80	77	81	85	78	77	90	82	114	83	330	97	98	95	92	92	91	97	102	90	105	94	610	101	78	87	90	77	94	87	85	83	122	89	508	118	101	89	102	94	103	97	95	103	110
86	432	88	87	88	78	90	93	95	96	103	100	97	494	219	238	236	242	239	234	242	242	75	91	72	383	85	90	86	92	90	90	109	96	88	101	95	407	83	73	75	91	84	88	73	81	75	98	90	467	95	88	85	85	87	84	106	99	80	98	82	369	92	91	87	99	90	99	103	89	77	96	97	688	102	91	90	94	83	82	86	92	76	95	78	616	103	104	83	91	93	95	96	108	92	106
94	470	78	92	87	90	89	88	103	91	94	97	89	564	253	229	238	228	246	252	241	248	86	99	86	454	100	82	79	83	94	90	81	97	80	101	81	474	90	83	81	98	80	91	81	90	74	94	88	551	95	92	78	93	84	86	100	80	93	95	85	445	84	91	93	98	94	94	92	97	68	95	91	779	127	95	83	86	91	92	89	83	83	106	89	692	131	98	96	99	97	101	92	108	108	94
91	584	104	82	86	90	88	96	92	98	96	98	85	660	256	237	232	241	238	244	259	238	85	103	82	516	101	87	79	83	91	86	85	82	66	105	79	543	93	80	86	89	80	84	89	87	79	94	88	644	104	86	88	84	92	80	101	89	76	101	92	483	107	86	82	88	103	103	91	90	81	93	100	875	130	98	79	79	87	85	91	89	76	112	91	842	135	95	94	93	102	104	94	102	103	112
84	661	96	84	76	94	80	90	98	93	101	101	87	729	259	241	235	268	245	258	271	284	78	95	80	617	98	74	89	87	85	87	91	98	77	100	89	591	102	80	85	88	73	84	86	84	76	109	87	758	116	91	77	87	96	96	100	96	70	110	89	574	103	79	86	84	91	95	91	93	64	98	93	988	145	92	86	77	87	79	88	82	80	98	77	936	142	96	93	93	101	99	102	101	107	91
87	726	119	91	83	94	87	91	97	99	114	102	102	793	276	263	275	246	277	253	253	275	74	91	93	705	115	85	79	85	84	95	78	84	75	108	98	699	115	87	93	85	92	85	90	95	80	102	88	838	107	92	74	82	85	90	94	90	75	111	89	679	106	84	82	92	88	94	94	83	79	106	95	1078	179	123	82	75	95	102	87	91	70	104	83	1071	174	99	88	103	101	103	100	108	102	101
78	822	118	95	87	91	105	89	96	100	103	104	86	926	294	263	251	266	265	279	282	278	71	97	88	827	118	99	95	92	96	89	98	107	71	99	92	743	134	96	84	78	83	86	89	92	74	106	80	975	125	89	77	91	98	91	95	110	73	102	98	772	112	93	85	93	98	98	85	107	73	110	90	1216	241	113	88	84	90	92	89	87	74	104	82	1202	203	116	95	91	104	105	97	104	109	104
91	930	152	89	83	88	98	95	92	105	100	102	93	1018	301	266	254	265	291	281	280	293	72	94	88	898	135	94	81	79	82	88	101	93	77	98	95	850	154	101	85	89	87	102	96	89	77	110	87	1111	159	99	88	81	91	95	85	103	73	109	90	857	129	91	91	88	97	94	85	102	65	96	98	1382	291	153	93	91	84	102	88	90	76	97	91	1389	241	120	93	100	99	108	117	104	101	106
98	1029	181	110	90	86	100	100	104	97	96	101	100	1094	325	284	267	279	275	293	284	298	63	105	86	1080	175	107	88	83	81	102	100	98	71	97	84	945	215	114	80	89	78	104	97	89	74	93	87	1224	214	110	83	92	93	103	100	99	71	97	85	953	144	102	89	90	95	101	100	102	72	101	90	1682	351	173	110	91	99	98	116	99	73	100	91	1623	329	160	104	94	114	116	110	111	101	107
97	1143	225	124	97	89	95	105	105	108	101	103	99	1167	353	288	268	260	302	305	285	277	60	100	95	1203	193	109	95	92	98	91	86	103	79	106	100	1149	275	140	85	87	76	91	97	91	71	109	95	1456	264	152	87	90	89	93	102	100	80	104	85	1083	179	113	88	83	95	100	100	97	64	105	86	1959	445	208	118	105	95	94	95	89	63	109	98	1895	431	172	103	105	95	105	119	125	92	100
81	1273	268	144	108	96	84	102	107	102	111	101	84	1323	389	307	276	310	292	307	311	321	74	85	86	1357	214	120	96	81	91	83	93	96	82	99	94	1369	372	171	108	83	92	87	86	86	75	110	78	1690	406	175	96	88	90	93	94	96	77	103	91	1172	224	123	89	93	101	104	108	95	70	87	96	2352	571	223	121	103	104	108	93	107	77	101	94	2279	533	207	118	107	109	106	122	132	102	106
83	1493	372	147	116	96	102	92	105	113	105	105	96	1444	450	338	290	294	302	330	306	307	75	95	88	1543	262	129	79	85	85	83	96	102	71	104	95	1726	472	209	106	96	94	95	89	89	65	101	97	1946	477	210	96	89	91	94	93	103	65	94	103	1377	317	155	92	86	84	99	92	92	63	104	84	2743	704	261	138	100	107	101	115	93	75	103	104	2589	679	259	128	114	104	121	124	130	104	101
97	1736	434	192	114	103	90	107	108	105	106	110	104	1608	495	364	301	302	315	346	334	326	65	94	93	1725	298	151	101	87	91	95	91	102	76	87	89	2023	580	234	127	91	91	99	96	98	65	106	89	2232	595	238	112	94	100	94	95	103	79	85	96	1595	394	198	99	100	98	102	100	96	69	102	97	3152	787	310	131	93	92	102	108	99	72	91	93	3069	783	297	139	113	116	115	123	121	105	90
95	2053	538	213	119	110	93	98	102	117	115	107	89	1785	585	385	341	317	360	358	344	350	62	93	89	1881	375	170	97	84	79	111	95	96	69	95	103	2407	681	274	133	102	91	98	99	99	67	102	91	2623	718	282	127	95	96	90	105	94	73	96	106	1807	488	203	103	83	102	103	103	104	73	99	101	3649	885	338	141	112	102	110	103	111	59	106	93	3403	952	335	152	113	126	128	134	128	107	98
96	2262	640	241	136	102	99	104	108	109	107	106	93	2017	646	425	362	355	375	389	371	383	73	95	89	2071	447	194	113	89	85	101	101	112	69	102	98	2757	787	301	154	93	94	92	92	111	66	96	100	2936	863	332	126	100	100	112	114	116	72	102	105	2102	626	245	118	90	106	95	105	106	67	96	92	4062	980	348	145	112	114	103	108	112	63	112	107	3876	1060	417	178	121	128	131	134	119	101	89
104	2665	692	277	125	96	111	112	112	122	104	103	111	2254	769	472	395	356	417	404	391	420	70	105	102	2313	573	230	117	86	105	105	102	116	60	94	105	3123	862	341	144	111	102	88	104	112	68	105	102	3348	985	354	157	100	104	112	104	103	73	112	113	2426	761	286	116	104	91	107	111	104	76	95	105	4533	1114	403	171	106	103	95	110	128	62	98	114	4233	1181	418	173	135	131	136	139	146	103	105
95	2943	790	317	138	96	107	107	121	114	99	121	106	2564	844	529	419	429	447	455	447	432	68	101	109	2526	655	250	111	113	87	103	108	111	60	108	97	3567	975	380	150	96	100	110	107	107	67	105	90	3825	1080	404	153	109	92	114	98	109	67	102	95	2848	868	350	133	99	97	100	107	100	61	112	92	5015	1229	425	173	109	105	108	108	120	67	100	118	4615	1377	465	186	136	126	145	139	149	96	105
104	3399	895	349	141	108	104	113	118	131	98	95	113	2908	1024	569	464	464	466	476	469	501	65	107	98	2910	761	295	126	91	102	111	104	113	60	96	105	3926	1071	378	165	110	111	111	113	117	80	90	102	4167	1230	415	168	108	110	104	119	115	58	102	96	3188	986	375	141	99	121	118	118	115	72	92	106	5449	1322	493	177	122	106	121	117	116	58	94	122	5148	1427	462	195	129	146	149	150	162	106	98
117	3807	1017	387	150	109	113	120	133	119	97	98	114	3197	1167	643	506	488	504	541	508	570	61	100	107	3293	888	318	127	94	104	103	99	102	52	97	90	4448	1208	450	186	113	102	103	121	117	68	99	101	4709	1308	456	166	120	103	113	119	123	73	88	117	3684	1117	427	150	107	115	126	119	122	68	96	106	6000	1491	516	203	131	116	114	116	119	66	110	122	5486	1507	549	210	128	130	135	151	158	113	108
104	4261	1118	424	175	116	100	127	131	136	98	102	115	3652	1271	695	527	505	565	568	550	554	65	101	106	3629	972	365	151	96	97	101	116	115	79	109	102	4907	1260	486	178	114	108	115	116	106	62	94	113	5208	1475	497	174	122	100	123	126	102	72	109	123	4095	1243	438	155	107	112	119	131	131	67	108	104	6336	1631	585	209	122	110	131	123	135	60	113	120	5923	1618	572	214	142	133	152	154	155	97	111
109	4483	1246	453	193	121	116	120	120	147	101	96	117	4047	1448	778	563	559	616	608	575	608	69	105	110	4125	1095	389	162	98	113	107	122	119	61	95	109	5408	1440	508	184	126	105	107	110	125	64	91	115	5602	1556	537	187	126	101	132	118	125	73	101	111	4550	1362	479	169	113	117	123	126	128	63	94	108	6658	1784	603	214	130	104	119	116	121	64	101	120	6488	1795	651	219	154	161	149	157	152	98	99
120	4917	1329	510	203	130	112	129	136	145	93	106	116	4503	1574	851	639	622	621	676	670	660	66	98	114	4740	1160	437	157	111	100	110	105	129	69	104	102	5817	1528	588	206	134	105	114	119	119	68	94	119	6185	1673	587	186	111	112	123	116	121	66	102	113	5139	1501	524	183	118	113	127	118	128	57	99	107	7136	1953	647	232	142	121	109	119	128	62	101	118	6925	1893	650	226	154	154	160	151	167	100	108
115	5439	1466	539	199	117	123	128	145	145	99	114	116	5038	1742	940	656	595	688	685	675	680	61	103	125	5205	1283	490	163	92	102	122	120	127	68	114	111	6213	1662	629	215	120	110	115	118	120	69	104	115	6917	1761	645	199	117	125	124	127	127	68	102	105	5720	1592	529	180	131	121	129	140	133	63	101	108	7579	2070	688	233	137	111	113	124	118	60	104	129	7406	1990	707	242	149	151	156	165	173	101	104
108	5751	1607	597	224	127	141	143	145	144	96	122	123	5547	1872	985	682	622	705	703	697	756	64	106	116	5745	1433	500	184	97	107	124	112	123	70	91	107	6641	1833	674	244	125	117	107	130	127	74	92	115	7341	1896	669	210	129	118	107	129	122	56	95	130	6191	1692	565	206	126	128	129	136	134	67	102	131	7867	2292	778	237	130	115	111	124	132	74	101	129	7810	2073	745	253	154	160	164	172	175	101	102
133	6211	1780	647	226	139	111	143	144	147	108	107	120	6059	2059	1060	716	674	730	753	739	792	65	109	132	6403	1486	554	204	111	126	110	125	111	60	103	115	7047	1992	780	252	137	105	117	109	137	66	97	115	8092	2026	704	209	113	116	113	128	123	64	100	126	6728	1815	618	216	117	119	136	124	126	61	105	123	8367	2498	796	255	139	113	126	125	126	62	100	110	8302	2213	782	290	148	163	148	162	189	101	108
119	6564	1876	689	235	143	131	130	129	156	101	91	129	6647	2263	1149	740	726	785	797	808	813	67	106	122	7034	1647	586	203	121	113	126	123	132	69	97	113	7424	2199	798	253	136	112	118	125	134	67	90	127	8412	2238	790	237	135	104	121	120	125	64	111	132	7262	1929	675	203	113	120	130	127	140	60	105	122	8582	2576	890	282	153	119	127	106	119	68	96	114	8701	2395	869	276	156	156	186	155	164	107	102
123	6981	2024	779	268	138	152	141	149	164	123	88	126	7033	2376	1159	788	729	758	824	793	883	64	96	130	7565	1778	660	216	108	121	117	129	140	62	103	114	7872	2417	916	296	137	121	124	118	137	55	95	124	8915	2335	831	260	135	119	125	129	123	72	97	132	7838	2005	704	216	124	119	130	130	127	67	100	128	8904	2819	923	293	146	130	132	124	139	70	94	141	9104	2605	899	309	166	171	157	163	189	104	105
123	7378	2225	845	278	144	133	142	168	153	117	88	124	7581	2552	1306	863	765	831	847	871	898	68	103	136	8003	1923	672	246	123	105	120	124	132	61	103	113	8200	2665	982	292	146	112	115	122	130	67	106	120	9376	2516	876	261	127	121	121	127	135	63	97	127	8393	2124	767	232	132	132	140	129	142	64	95	119	9380	3030	992	296	149	131	122	131	129	68	92	126	9498	2744	1028	298	161	161	166	195	196	98	108
135	7658	2397	933	300	153	133	142	174	153	97	92	113	8107	2691	1365	829	786	840	916	910	924	61	96	139	8607	2053	702	239	134	104	118	133	140	62	90	109	8620	2906	1057	294	151	117	110	124	140	62	100	124	9954	2743	995	272	143	107	121	120	140	68	98	132	8787	2320	838	256	141	126	140	141	151	61	110	120	9692	3180	1075	330	152	122	114	128	137	66	103	124	9780	2933	1069	340	173	165	189	189	187	90	99
128	7992	2577	1018	325	147	149	130	158	146	110	115	123	8629	2855	1417	902	868	855	957	915	967	64	93	129	8946	2170	772	257	123	118	124	134	148	58	94	121	8922	3048	1098	317	138	108	124	123	138	60	91	135	10413	2893	1057	298	140	116	119	122	141	61	101	124	9151	2525	890	262	140	133	132	148	133	66	99	120	10092	3342	1179	317	169	116	123	122	143	75	96	148	10272	3122	1141	359	171	165	174	187	187	110	95
119	8427	2799	1072	349	166	133	156	158	168	107	101	122	8902	3113	1510	979	843	926	956	947	995	61	103	114	9544	2296	817	248	131	121	116	115	119	59	86	127	9315	3274	1211	356	157	130	112	127	133	70	112	130	10876	3093	1135	328	138	125	132	128	150	64	113	140	9703	2665	916	257	137	125	136	146	137	59	110	127	10622	3711	1216	341	169	126	125	133	124	63	96	134	10682	3293	1214	339	177	167	177	191	209	104	95
131	8647	3124	1178	355	158	161	149	175	180	103	102	132	9381	3181	1574	988	897	961	971	1005	1009	68	106	121	9729	2415	922	257	122	122	137	127	149	69	109	114	9792	3564	1302	390	150	120	133	150	129	69	111	140	11192	3350	1164	306	144	120	130	142	133	69	99	142	10098	2850	982	271	148	130	153	137	151	72	112	127	10989	3929	1302	368	162	135	123	122	134	61	110	134	11367	3459	1256	360	196	184	182	198	187	102	98
127	9178	3258	1239	377	176	137	157	159	172	94	96	129	9688	3420	1674	1030	919	1006	1018	1037	1099	73	94	134	10366	2688	954	286	133	107	124	138	139	70	95	121	10209	3783	1405	409	161	129	132	142	148	67	103	131	11581	3538	1278	332	152	122	116	130	143	63	94	133	10556	2995	1150	299	146	146	136	143	167	64	110	143	11461	4146	1336	407	183	130	123	133	141	69	105	141	11775	3657	1339	377	189	175	185	195	208	93	88
137	9605	3527	1314	361	176	146	163	177	181	109	105	128	10196	3502	1777	1066	937	1038	1069	1032	1069	65	115	128	10983	2813	1001	288	141	116	129	134	139	75	104	126	10831	4073	1474	387	175	142	125	145	137	70	104	136	12240	3724	1296	349	137	122	137	141	136	79	108	133	11010	3251	1165	311	152	137	143	144	152	56	98	136	11974	4392	1463	388	195	132	128	120	126	65	97	138	12342	3831	1424	406	207	184	214	197	196	103	110
140	10232	3711	1384	406	180	129	166	175	167	101	114	133	10437	3710	1903	1146	960	1060	1082	1097	1160	76	98	136	11403	3005	1081	293	136	113	127	116	149	68	102	133	11179	4369	1610	414	172	140	122	144	141	65	96	138	12732	3907	1438	376	158	113	141	138	147	65	114	136	11459	3457	1251	352	162	143	138	153	149	53	100	123	12649	4709	1535	417	185	147	131	135	148	73	101	141	12858	4127	1513	429	200	187	190	184	220	95	104
144	10961	3908	1508	413	194	149	160	170	180	109	100	132	11022	3963	1995	1172	1051	1081	1106	1125	1126	71	105	130	11824	3183	1172	323	142	115	115	133	145	68	108	129	11624	4625	1761	461	178	136	129	138	149	69	101	135	13556	4255	1548	423	161	119	133	135	140	65	113	146	11953	3673	1363	337	155	134	160	148	172	60	108	143	13169	4962	1624	446	193	138	135	137	140	57	108	141	13433	4330	1598	454	222	193	192	209	227	114	101
133	11651	4244	1630	440	200	164	171	171	180	102	102	136	11673	4288	2116	1254	1099	1089	1120	1141	1199	76	116	136	12371	3322	1192	324	149	131	131	133	150	71	102	125	12310	5136	1874	498	185	137	143	142	155	72	104	137	13934	4488	1633	419	170	125	130	154	139	59	99	133	12413	3861	1409	375	169	140	140	156	172	55	105	121	13865	5313	1751	479	192	136	130	145	153	57	106	136	14003	4547	1677	488	214	171	208	194	213	106	113
136	12111	4487	1699	446	210	150	184	176	186	102	111	134	12052	4522	2226	1304	1078	1160	1188	1174	1261	63	104	133	12899	3507	1293	363	154	141	130	151	145	67	110	129	12884	5365	1949	513	198	138	122	136	146	64	94	138	14027	4747	1713	444	193	142	140	142	147	72	110	139	12784	4086	1479	373	169	144	158	150	167	62	102	115	14207	5647	1881	509	205	145	137	132	148	67	107	165	14682	4829	1812	489	230	189	200	211	214	104	115
141	12889	4870	1835	500	221	169	156	174	194	97	111	130	12639	4720	2297	1321	1144	1183	1247	1225	1304	63	96	150	13248	3652	1314	350	153	135	123	138	146	66	100	141	13650	5718	2035	512	221	140	129	124	149	59	105	144	15019	5027	1826	491	179	138	140	137	151	53	92	143	13294	4238	1530	400	173	146	148	149	160	68	102	136	14881	5894	1944	502	199	147	133	143	138	66	99	153	15299	4940	1908	512	237	186	223	219	214	110	103
143	13512	5061	1944	520	216	170	170	188	189	112	101	143	13050	4904	2433	1376	1165	1199	1269	1237	1303	68	105	137	13771	3821	1384	367	169	126	139	140	138	65	101	135	14219	5982	2225	553	200	140	128	150	150	60	99	143	15299	5228	1992	490	170	138	130	148	161	63	107	153	13976	4637	1610	426	188	144	140	148	165	71	108	143	15572	6225	2081	510	216	138	129	139	151	63	95	149	15868	5223	1975	531	222	196	194	222	224	103	100
150	14320	5355	2048	531	216	192	179	192	189	101	99	140	13565	5190	2495	1476	1175	1259	1291	1288	1329	62	89	143	14263	3997	1459	404	148	117	133	133	148	60	104	143	14777	6248	2293	564	221	137	130	144	158	60	100	136	15732	5664	2085	496	193	142	126	149	163	62	99	128	14348	4866	1783	459	193	139	165	160	157	63	94	127	15994	6574	2154	533	205	148	128	133	149	59	111	137	16601	5481	2091	563	240	189	223	209	215	108	109
150	14979	5687	2134	566	235	178	174	203	199	106	110	131	14167	5372	2629	1527	1219	1313	1312	1345	1400	65	99	145	14892	4191	1513	416	169	137	138	128	150	70	102	138	15600	6614	2521	586	213	143	145	143	149	61	112	135	16349	5830	2165	557	192	149	147	151	165	68	113	151	15027	4998	1861	478	178	159	149	164	173	62	107	154	16831	6821	2206	553	229	146	142	144	158	66	104	141	17338	5848	2139	612	226	202	229	199	233	112	107
156	15778	6020	2275	589	254	168	192	184	205	111	105	147	14785	5558	2821	1581	1280	1326	1327	1402	1407	72	98	147	15463	4393	1578	436	163	118	145	154	169	74	118	134	16037	7133	2607	609	227	136	136	140	164	63	106	140	17120	6154	2242	571	197	144	134	154	167	59	90	148	15605	5253	1937	477	212	149	162	165	169	65	103	142	17640	7192	2333	602	200	148	144	149	143	64	94	154	17952	6069	2264	591	245	209	225	231	226	112	94
146	16716	6254	2342	643	256	191	196	194	205	107	97	145	15196	5828	2871	1656	1380	1383	1389	1425	1454	66	117	149	15855	4574	1687	438	189	142	137	148	162	54	102	132	16660	7538	2694	629	230	153	137	135	167	56	100	147	17632	6550	2443	598	197	154	140	160	150	55	99	143	16242	5582	2092	519	204	164	151	160	169	73	108	155	18257	7516	2355	592	232	132	125	150	152	61	98	166	18548	6285	2313	629	263	205	205	204	251	110	114
145	17526	6620	2436	647	247	192	187	206	237	109	96	142	15901	6143	3102	1746	1400	1423	1502	1467	1522	63	104	153	16548	4774	1760	487	196	141	138	145	168	65	109	140	17624	7962	2835	650	213	159	147	141	146	66	102	161	18267	6775	2578	622	208	138	140	150	169	67	104	157	16755	5866	2200	532	227	142	167	156	161	62	99	145	18771	7730	2419	578	231	143	129	149	171	68	105	154	19189	6585	2408	656	239	216	218	235	236	107	98
159	18398	6969	2507	704	271	190	192	213	199	103	100	142	16384	6407	3237	1796	1491	1451	1498	1491	1540	58	104	146	17316	5122	1838	501	188	133	141	140	170	58	112	142	18134	8180	2871	691	236	144	135	137	159	64	106	153	19117	7133	2704	656	232	151	156	141	174	71	107	152	17418	6327	2296	551	226	162	154	159	179	69	101	147	20066	8143	2414	623	238	151	139	143	138	77	107	160	20153	6758	2456	665	263	232	214	235	247	100	102
158	19024	7133	2640	691	271	191	193	227	219	107	107	153	17247	6732	3369	1896	1479	1549	1538	1527	1574	73	100	146	17968	5225	1940	523	192	158	144	142	164	67	102	146	18952	8760	2997	720	249	160	145	147	173	67	97	154	19697	7596	2848	670	215	139	122	141	168	73	115	151	18187	6546	2385	583	231	163	164	167	163	67	114	164	20508	8367	2404	629	243	155	133	134	165	70	100	146	20677	7037	2576	649	272	219	222	247	253	106	116
170	19724	7478	2781	715	271	215	191	212	224	91	93	144	17910	7053	3531	1953	1543	1548	1558	1592	1636	64	102	159	18801	5539	2035	538	201	148	149	155	181	65	103	142	19705	9033	3058	674	238	167	132	132	156	56	95	160	20495	8026	2861	712	229	155	141	143	157	64	106	151	19007	6855	2564	616	218	161	177	182	169	64	120	142	21309	8620	2496	626	254	159	145	146	162	69	95	168	21828	7101	2624	710	287	220	230	239	261	99	99
164	20497	7631	2800	741	278	230	205	214	231	110	93	155	18591	7367	3699	2005	1669	1582	1658	1608	1701	66	102	135	19250	5770	2022	557	224	147	145	153	171	71	100	137	20410	9637	3104	712	231	163	127	163	162	64	101	169	21232	8325	3047	724	246	159	145	142	174	60	99	169	19973	7222	2576	651	251	179	165	161	201	71	110	148	22203	8714	2518	642	231	150	146	150	150	62	99	162	22144	7369	2647	717	292	215	227	253	242	107	107
153	20985	7943	2914	732	292	223	195	225	224	100	101	151	19474	7663	3869	2106	1688	1585	1678	1695	1704	71	101	144	19909	6007	2217	577	211	142	147	166	167	70	97	134	21087	9864	3174	686	245	157	149	143	158	64	102	166	21908	8598	3199	745	251	142	162	156	169	71	101	156	20579	7494	2812	661	237	183	158	185	192	64	104	155	22867	8965	2484	651	257	175	159	144	154	68	92	169	22862	7464	2626	701	292	231	248	246	255	105	99
172	22138	8028	2875	759	278	219	227	216	248	100	112	158	20102	8079	4046	2233	1759	1666	1683	1706	1770	68	103	144	20583	6250	2307	606	231	146	145	163	159	64	97	134	21598	10110	3178	734	247	161	148	148	164	62	98	160	22406	8999	3293	784	223	149	152	158	172	61	109	168	21537	7843	2848	708	234	191	170	191	172	74	103	155	23611	8784	2540	640	254	174	143	152	166	58	98	155	23491	7565	2693	732	292	251	236	248	257	113	106
159	23006	8016	2958	759	301	202	202	213	223	99	97	157	20401	8331	4201	2242	1742	1711	1686	1788	1744	76	99	166	20855	6405	2283	617	214	173	159	147	178	66	97	148	22508	10113	3131	750	247	155	152	157	163	66	99	148	23016	9225	3369	744	235	155	152	174	178	69	98	152	22213	8225	2913	725	254	167	189	174	177	68	97	146	23905	8765	2515	649	245	151	136	153	170	68	103	159	23910	7524	2695	712	310	237	240	247	262	108	111
162	23452	8009	2957	750	297	227	204	247	228	100	99	146	21052	8437	4270	2299	1832	1715	1731	1743	1819	70	94	156	21643	6723	2442	598	236	157	162	153	166	54	100	140	23047	10196	3148	743	257	146	140	136	172	64	92	169	23617	9443	3330	761	245	157	152	163	163	60	94	166	22501	8215	3011	703	250	168	166	178	197	71	95	153	24839	8668	2562	663	275	153	156	157	169	63	101	173	24140	7501	2747	720	297	247	237	275	263	100	91
164	24284	8140	2956	770	311	201	215	234	255	105	110	149	21547	8739	4473	2454	1877	1767	1778	1822	1861	67	105	152	22032	6710	2472	657	235	150	138	145	169	73	101	137	23769	10242	3247	769	254	155	150	163	161	62	104	174	24390	9596	3325	756	229	166	149	162	189	64	99	160	23451	8528	3117	728	254	184	159	177	186	72	93	154	26050	8716	2518	657	262	147	149	149	157	69	95	178	24776	7780	2726	747	318	219	250	260	284	96	99
168	24796	8079	2947	779	305	224	214	232	251	102	102	167	22408	9101	4540	2452	1921	1837	1806	1834	1898	67	98	161	22886	6928	2482	648	231	148	158	149	181	65	107	133	24658	10272	3190	783	274	164	145	157	177	65	105	169	25087	9923	3369	812	248	165	140	167	165	71	98	158	23924	8742	3181	731	265	174	181	197	202	75	106	155	26445	8760	2550	647	251	161	144	147	172	67	100	166	25048	7757	2790	740	304	252	251	285	295	106	93
161	25274	8168	2924	843	332	239	222	244	235	105	111	160	22812	9258	4698	2560	1969	1901	1875	1877	1983	71	108	164	23624	7268	2499	615	243	145	159	152	152	69	94	153	25478	10260	3223	803	302	170	147	148	175	65	113	164	25964	9938	3277	801	264	162	174	161	173	70	111	167	24756	9109	3186	732	258	168	178	185	209	73	100	136	27600	8794	2538	661	249	157	164	154	177	74	101	160	25840	7705	2787	725	312	247	276	283	306	108	110
171	26308	8147	2983	812	314	211	237	247	251	99	98	158	23931	9606	4809	2606	1979	1839	1922	1916	2071	72	91	163	24660	7572	2507	647	248	150	159	156	184	68	102	170	26373	10319	3259	755	281	163	160	161	171	75	112	162	26694	10272	3387	783	241	161	146	160	169	63	99	160	25983	9270	3254	756	250	188	172	189	198	73	94	158	27914	8885	2547	692	247	162	156	166	168	66	103	179	26598	7802	2792	758	336	259	253	291	314	107	104
176	26514	8036	2958	815	350	228	228	249	253	98	108	170	24531	10021	5053	2687	2029	1916	1936	1966	2131	77	104	162	25290	7725	2601	676	247	162	170	161	166	65	105	140	27181	10263	3372	801	263	168	160	163	181	70	94	159	27540	10492	3368	823	247	154	163	172	187	63	108	189	26720	9707	3301	759	271	204	172	203	198	63	104	150	28897	8725	2567	687	260	170	145	158	177	65	115	174	27125	7914	2850	794	334	254	268	292	323	110	102
188	27323	8153	3074	863	320	251	257	260	253	103	96	164	25182	10213	5039	2705	2124	2008	2009	1966	2153	73	105	174	26038	7897	2585	690	251	169	164	172	173	73	105	161	27924	10224	3320	815	285	163	153	161	176	74	103	162	28378	10822	3403	824	260	165	157	171	182	69	90	191	27930	9989	3340	793	267	171	193	194	182	68	102	161	30088	8827	2570	696	263	181	163	162	184	70	98	187	28330	7953	2908	792	311	256	275	302	331	107	97
187	27877	8150	3011	849	329	232	240	254	280	111	103	165	25730	10550	5214	2827	2151	2013	2017	2018	2211	73	95	167	26614	7956	2541	682	239	146	167	165	178	78	96	165	29002	10295	3366	877	283	172	169	175	175	67	105	175	29608	10549	3378	821	256	180	145	167	194	69	94	166	28700	10107	3316	792	257	191	187	200	201	70	91	172	30878	8762	2653	692	269	167	160	166	163	69	99	162	28635	7952	2924	786	349	257	293	325	311	102	100
200	28714	8223	3080	886	356	255	251	258	262	93	101	181	26747	10703	5216	2914	2217	2079	2058	2131	2325	67	96	165	27710	8074	2575	667	271	160	161	166	177	76	98	156	30122	10241	3422	861	289	171	157	158	184	72	108	176	29974	10808	3369	846	265	171	164	162	194	69	100	173	29479	10268	3374	786	288	200	193	213	200	78	94	174	31581	8658	2578	690	268	177	148	180	154	67	96	192	28744	7948	2859	820	352	306	292	300	338	104	104
183	29007	8082	3050	827	352	232	225	277	273	101	99	166	27652	10944	5400	2890	2245	2106	2096	2183	2381	69	94	178	28259	8260	2534	692	259	156	168	164	196	72	102	173	30715	10372	3414	904	298	178	156	174	178	78	92	172	30992	10848	3369	801	255	166	162	172	183	69	100	159	30142	10252	3318	760	281	195	184	199	210	77	93	156	32678	8673	2585	726	280	165	167	162	176	61	96	177	29988	8183	2954	850	336	293	301	302	342	97	94
191	29790	8100	2990	843	368	249	252	269	293	108	95	169	28097	11213	5437	2942	2308	2178	2152	2251	2456	72	116	173	29094	8280	2585	641	238	169	165	171	194	75	103	162	31416	10088	3462	902	301	179	167	161	199	68	97	191	31595	10780	3388	817	263	172	159	161	196	80	105	176	31092	10506	3349	800	300	181	181	204	211	74	94	160	34159	8649	2589	731	255	165	158	174	182	64	99	211	30660	8156	2961	849	381	294	280	347	339	95	104
173	30327	8050	3068	848	356	267	257	265	291	101	99	172	28845	11081	5398	2959	2395	2232	2219	2284	2492	66	104	174	29304	8253	2495	662	268	167	159	164	180	69	92	163	32132	10126	3505	894	302	189	151	171	187	66	95	167	32373	10818	3447	796	241	173	177	168	201	74	97	169	31733	10774	3369	801	279	203	190	223	201	71	109	151	34998	8658	2666	701	282	162	159	177	194	73	92	201	31412	8175	2967	811	353	282	301	341	377	110	104
188	30334	8039	3087	905	362	265	247	262	302	108	100	184	29559	11308	5441	2975	2318	2248	2302	2335	2600	76	102	194	29841	8239	2564	680	269	162	169	172	193	74	107	162	33341	10158	3506	933	299	191	166	163	175	77	102	183	33107	10498	3466	834	274	173	165	181	185	76	99	183	32540	10502	3326	787	290	198	191	218	217	71	91	166	36285	8634	2702	734	283	176	153	169	182	71	93	189	31681	8113	2958	855	381	294	313	336	386	101	95
182	31155	8177	3022	882	361	278	275	272	307	112	84	170	29786	11194	5370	2942	2383	2286	2303	2413	2699	82	99	170	30953	8030	2577	693	253	165	163	176	212	75	100	156	33357	10065	3567	941	293	203	166	170	190	72	92	175	33577	10590	3479	870	265	172	165	175	210	71	102	189	33103	10397	3336	796	280	202	201	226	237	78	98	179	36257	8575	2674	754	282	177	149	168	190	70	106	186	32271	8319	3060	836	368	325	325	343	355	103	97
191	31621	8049	3046	924	385	277	270	290	294	100	100	174	30529	11167	5405	2984	2467	2307	2397	2478	2813	64	106	191	31348	8239	2559	645	250	164	157	169	188	70	105	174	34569	10181	3599	949	345	202	167	194	189	67	104	171	34016	10504	3414	836	273	173	178	189	204	72	100	198	33565	10493	3334	798	283	184	198	221	233	75	90	174	36901	8509	2669	762	253	186	181	172	188	68	90	183	32760	8260	2990	834	399	315	320	355	389	104	94
184	32147	8016	3067	864	376	297	284	278	294	95	107	153	31135	11095	5356	3093	2482	2354	2516	2568	2909	72	106	182	32122	8034	2578	687	257	176	165	189	192	76	104	170	35474	10085	3606	950	333	192	175	179	196	77	88	190	35025	10539	3435	851	271	175	184	191	197	77	99	171	34137	10372	3422	845	286	205	189	236	231	70	87	170	37630	8471	2681	769	277	170	161	164	193	74	106	182	33534	8378	3093	894	395	323	339	384	364	115	96
195	32985	7995	3127	922	381	277	283	295	312	94	102	177	31552	11059	5452	3118	2533	2435	2656	2719	2941	68	107	175	32837	7997	2559	691	252	178	173	192	214	88	97	184	36445	10193	3651	986	333	200	161	170	188	75	92	186	35623	10666	3490	865	265	179	181	181	209	67	104	214	35257	10397	3453	845	303	217	213	216	230	68	97	153	38664	8444	2759	772	294	185	173	164	188	66	107	215	34086	8383	3082	934	381	317	335	376	397	106	94
206	33300	7981	3107	901	374	280	268	292	324	100	92	185	32335	11148	5440	3221	2598	2513	2640	2805	3027	82	100	189	33703	8069	2590	685	272	172	161	197	207	71	94	176	37105	10087	3767	979	339	187	154	185	199	77	94	175	36784	10667	3519	855	288	195	164	169	196	76	104	195	36076	10537	3449	846	313	205	209	204	242	74	92	170	39261	8463	2796	785	300	203	186	173	187	73	92	182	34436	8652	3193	920	416	360	345	357	406	96	106
207	33933	7856	3098	927	427	304	271	301	324	102	106	202	33342	11272	5423	3260	2551	2606	2820	2827	3175	66	111	202	34608	8089	2671	696	271	171	168	202	200	76	99	173	38935	10104	3704	1010	338	190	159	196	199	80	99	177	37688	10672	3561	889	293	178	186	201	221	71	89	201	36861	10335	3505	871	302	220	206	204	228	76	98	189	40264	8466	2722	758	313	173	179	171	190	73	89	188	35020	8484	3223	944	414	342	378	401	390	98	96
203	34687	7916	3093	923	401	313	291	301	345	116	104	184	34157	11195	5584	3375	2684	2623	2940	2957	3231	77	99	213	35474	7849	2573	686	286	176	170	194	202	79	92	185	39576	10204	3769	1058	349	200	180	186	197	75	104	205	38181	10718	3563	862	277	174	183	190	210	82	94	204	37811	10450	3470	888	319	220	190	238	243	79	94	187	40928	8404	2766	810	292	188	170	184	197	71	114	199	35666	8693	3217	936	439	356	397	391	419	95	104
206	35239	7860	3075	989	404	299	318	310	361	110	109	196	34712	11266	5696	3431	2719	2747	2893	3085	3362	77	111	193	36471	8111	2617	708	276	182	186	195	216	79	104	170	40861	10201	3871	1053	345	211	183	178	187	73	81	186	39294	10752	3585	878	294	192	176	199	202	70	103	209	38701	10471	3526	871	314	205	205	238	246	78	93	183	41675	8536	2786	777	301	188	174	177	198	66	101	185	36526	8706	3279	932	445	357	400	403	407	95	95
195	35983	8112	3060	954	437	313	301	321	349	102	95	189	36177	11435	5727	3467	2790	2894	3046	3168	3414	73	98	192	37865	8120	2626	701	287	181	180	218	216	66	96	181	41989	10161	3876	975	348	195	182	190	190	67	112	190	40212	10678	3642	909	284	174	177	207	204	75	97	209	39067	10664	3620	915	308	231	211	227	264	85	105	182	41626	8529	2847	773	318	203	186	191	197	71	102	210	36579	8805	3306	985	449	385	371	416	400	98	101
204	36481	7853	3120	1004	424	295	309	316	373	104	100	186	36805	11470	5793	3489	2837	2911	3088	3302	3554	80	98	204	38130	8139	2711	733	290	204	192	198	240	79	111	192	42846	10319	3893	1004	358	210	190	178	203	66	106	201	40907	10678	3632	907	314	192	182	194	221	69	116	213	40378	10660	3712	897	300	248	222	245	265	74	99	190	42318	8596	2806	805	295	206	176	195	211	80	103	207	36942	8777	3378	995	438	387	395	407	439	102	105
218	37130	7901	3155	1009	437	346	327	346	358	97	95	191	37739	11500	5867	3632	2927	2964	3266	3367	3672	83	106	208	39184	8184	2670	732	296	189	188	193	245	70	101	187	43944	10318	3881	1025	374	229	188	189	199	73	102	212	41353	10856	3718	907	308	196	181	202	204	73	106	213	41327	10844	3692	912	331	215	230	250	290	81	91	179	42618	8456	2883	815	313	206	190	193	202	85	102	205	37672	8896	3376	1003	485	381	430	437	463	94	95
209	37566	7934	3135	1034	479	328	309	344	377	102	101	220	38765	11578	6031	3738	2981	3116	3312	3402	3743	71	99	187	40368	8285	2744	708	281	184	199	210	211	67	105	180	44928	10325	3945	1092	368	235	178	177	213	79	97	209	42432	10940	3718	928	321	203	195	204	207	74	100	203	42281	10763	3712	967	346	245	230	259	276	75	96	184	42964	8319	2785	789	310	192	192	180	203	77	94	201	37798	8829	3404	1050	481	396	433	444	454	103	105
212	37578	7997	3168	1029	451	346	333	348	381	106	101	201	39429	11602	6004	3859	3133	3176	3454	3476	3759	79	101	211	40820	8204	2682	742	318	198	187	211	230	67	107	184	45917	10320	3931	1111	377	237	184	187	207	73	100	203	42529	10960	3593	921	320	218	187	219	207	73	89	215	43092	10697	3722	929	339	229	238	256	264	69	100	190	43279	8415	2878	828	337	220	201	182	221	78	101	227	37795	8984	3368	1027	478	420	415	437	467	105	97
218	37855	7932	3172	1040	479	339	337	358	363	107	106	214	40688	11590	6177	3922	3160	3223	3497	3684	3893	77	108	196	42234	8163	2748	761	303	211	204	213	232	67	106	181	46542	10258	3934	1078	367	215	197	202	206	77	96	200	43622	10975	3670	954	294	206	184	197	221	79	101	217	43594	10788	3774	963	345	242	237	269	266	83	90	169	43141	8452	2861	830	310	221	175	210	194	83	101	220	38216	9073	3466	1084	516	414	459	471	499	104	107
216	38109	7986	3181	1025	496	347	361	372	383	96	108	217	40858	11679	6247	3962	3234	3338	3605	3646	3915	81	104	218	43047	8231	2750	733	304	210	201	223	248	73	102	193	46966	10347	3890	1106	382	241	209	204	227	89	106	194	43222	10989	3698	997	344	207	199	213	234	85	107	208	43976	10556	3735	980	335	249	247	259	272	84	104	194	43437	8407	2958	849	334	228	203	188	217	72	104	213	38978	9014	3425	1116	520	423	449	480	463	113	106
214	38505	7919	3213	1046	490	375	339	377	386	100	97	208	41731	11818	6411	4110	3308	3377	3706	3809	4043	78	99	203	42818	8025	2757	778	288	207	216	211	220	74	103	210	46404	10343	4010	1096	376	212	191	198	228	84	92	204	43359	10903	3660	971	348	200	191	193	228	77	111	213	43789	10722	3704	990	357	245	250	242	277	71	105	198	43060	8350	2887	875	327	213	188	194	213	75	90	242	38377	8921	3528	1111	519	460	457	471	485	105	100
222	39163	7902	3211	1123	499	381	376	377	428	102	105	220	42410	11719	6390	4244	3497	3417	3759	3868	4137	76	96	220	44000	8231	2762	779	309	189	194	196	233	84	107	192	47410	10461	4019	1118	378	213	209	210	226	88	100	194	43960	10862	3744	986	336	206	199	208	227	78	99	223	44482	10792	3820	959	362	277	249	275	269	81	88	205	42711	8401	2940	862	340	233	197	225	233	75	105	204	38427	9027	3550	1115	549	435	465	462	468	101	105
229	39190	7860	3327	1131	515	383	361	381	422	114	106	216	42653	12042	6409	4334	3559	3594	3788	3883	4119	82	94	215	44212	8257	2782	806	306	214	195	222	258	92	102	178	47782	10428	4013	1109	373	238	200	207	214	85	115	195	44346	10904	3783	1008	321	224	207	220	239	81	105	219	44792	10822	3771	999	355	257	253	267	269	80	109	182	43074	8298	2969	852	355	227	191	210	219	76	102	225	38832	9154	3598	1173	559	454	491	491	495	97	110
228	39581	7952	3269	1110	520	396	360	398	391	93	109	218	43799	12079	6695	4377	3630	3680	3855	4100	4229	91	95	208	44926	8244	2749	781	324	229	214	234	248	80	93	204	47491	10339	4017	1127	391	221	185	209	232	75	107	216	44431	10925	3862	1033	323	222	202	218	239	88	103	219	46010	10794	3788	1015	363	247	246	250	282	81	101	218	42231	8304	2875	875	335	227	204	214	215	79	107	226	38957	9168	3606	1209	579	471	485	506	510	113	99
226	39640	7798	3283	1141	524	413	393	373	428	105	101	222	45015	12095	6791	4541	3758	3764	4043	4064	4341	88	104	235	45272	8282	2797	795	342	207	221	220	245	76	104	208	48183	10327	4029	1146	393	233	205	217	234	80	90	216	44974	10829	3768	1020	340	221	215	206	241	80	99	225	45726	10679	3858	1054	369	261	270	280	280	76	96	226	42264	8273	2929	877	344	223	203	226	205	68	104	225	39001	9289	3631	1177	578	516	496	507	528	99	103
216	39822	7800	3342	1116	507	410	403	415	439	107	101	221	45744	12207	6864	4669	3872	3783	4110	4152	4307	83	96	219	46136	8193	2831	782	345	219	219	225	244	81	101	219	48432	10347	3960	1130	386	250	199	206	240	86	101	211	45006	10994	3813	1015	379	227	195	204	260	77	90	236	46181	10889	3874	1033	412	264	272	276	291	89	93	205	42083	8332	3065	862	357	226	211	212	222	85	102	238	39295	9279	3679	1184	622	502	500	557	519	108	101
250	39882	7957	3333	1150	562	417	383	436	447	98	108	209	46177	12228	6979	4780	3966	3926	4187	4275	4397	88	92	233	46459	8197	2839	831	339	238	222	224	256	83	95	213	48584	10447	4021	1125	390	244	215	228	228	78	103	224	45335	10996	3821	997	358	228	215	212	247	84	99	247	47114	10822	3862	1047	392	256	267	285	304	79	101	215	41347	8323	2934	875	329	218	194	224	225	82	96	223	39625	9196	3632	1244	593	507	482	524	509	103	108
243	39602	7867	3366	1173	567	428	403	450	473	97	108	246	46051	12369	7075	4902	4100	4003	4283	4326	4518	85	95	211	46923	8210	2754	849	334	227	217	242	253	91	102	197	48429	10293	4044	1141	406	248	213	214	255	95	105	207	45600	10916	3789	1054	351	242	218	232	240	79	94	238	46984	10957	3847	1051	405	286	284	281	294	83	96	202	41320	8304	2918	869	360	239	205	218	220	80	104	223	39705	9457	3692	1210	612	525	502	540	549	103	103
267	39541	7888	3312	1193	574	446	430	427	484	111	105	243	46954	12341	7324	5070	4239	4229	4279	4393	4623	85	95	233	46944	8308	2773	849	329	236	233	232	242	84	101	205	48401	10485	4067	1155	412	256	193	232	253	85	107	241	45457	10960	3878	1053	367	224	210	218	231	86	99	253	47209	10950	3889	1041	423	273	271	282	273	82	106	235	41141	8271	2951	870	354	221	212	230	239	85	106	253	39417	9319	3844	1284	612	560	529	541	551	106	110
226	40042	7887	3446	1222	599	440	456	429	462	107	106	223	47278	12575	7287	5160	4368	4328	4472	4462	4695	91	95	246	47141	8361	2818	823	355	230	229	235	256	78	105	209	48311	10440	4012	1165	411	249	225	218	232	85	112	235	45412	10986	3823	1082	356	226	239	233	254	91	108	242	47412	10900	3933	1110	431	296	281	291	313	84	98	224	40651	8343	2938	875	369	233	204	206	236	77	106	244	39630	9372	3712	1288	654	542	524	549	529	96	96
255	40354	7927	3337	1246	600	473	443	460	499	101	87	222	47231	12719	7444	5279	4410	4430	4521	4567	4798	82	94	234	47103	8251	2829	854	352	252	217	245	262	86	96	238	47938	10449	3952	1164	402	282	214	222	256	88	112	246	45314	10751	3902	1075	364	236	220	237	260	95	107	237	47789	10931	3896	1090	429	295	285	283	313	87	101	225	40639	8276	2883	897	361	245	222	204	235	91	110	236	39780	9401	3755	1310	654	582	570	558	564	110	113
246	40345	7852	3420	1224	617	485	445	463	494	100	105	245	47589	12711	7486	5533	4556	4508	4591	4630	4879	95	110	243	47405	8160	2842	864	343	231	220	237	266	88	98	231	48039	10256	3906	1175	439	260	228	208	247	85	96	236	45703	10893	3884	1119	365	241	232	253	258	97	111	236	47576	10722	3958	1093	416	301	284	285	299	89	100	223	40091	8335	2852	921	374	232	236	227	228	80	110	238	39816	9375	3834	1317	700	582	561	574	530	99	105
237	39930	7883	3440	1265	625	495	452	457	491	102	91	241	47539	12807	7612	5548	4663	4597	4693	4840	4914	102	99	250	47717	8248	2853	865	366	253	221	256	265	85	95	234	48072	10413	3928	1154	429	278	226	230	244	90	93	231	45046	10839	3912	1089	373	256	233	237	241	86	100	237	47759	10895	3963	1128	413	300	273	308	324	99	99	240	39929	8373	2915	908	368	246	206	223	217	84	93	227	39426	9412	3848	1380	702	600	543	558	563	109	105
264	40262	7828	3485	1192	643	502	453	476	521	114	115	253	47501	12740	7764	5603	4928	4731	4892	4772	5047	97	99	259	47497	8278	2834	880	372	241	233	260	278	95	100	223	47541	10360	3941	1227	460	258	227	226	253	90	96	232	44988	10854	3799	1074	396	246	239	239	267	79	97	254	47838	10769	3945	1095	443	297	286	301	318	90	105	213	39189	8178	2876	923	384	247	224	238	236	93	101	261	39797	9399	3881	1333	721	573	572	596	595	91	95
248	40344	7856	3473	1252	681	515	487	502	502	109	93	228	47603	12714	7799	5639	5014	4771	4772	4931	5116	100	108	272	46886	8239	2915	898	380	254	215	247	259	91	93	223	47335	10226	4002	1211	452	264	231	240	256	84	91	248	44876	10602	3880	1077	378	244	226	256	258	86	109	247	48143	10887	3935	1132	425	303	276	314	304	90	108	225	39269	8093	2932	915	380	243	218	229	243	87	90	243	39323	9400	3831	1393	728	614	582	576	600	99	110
248	40156	7913	3442	1258	676	511	508	545	533	103	101	254	47653	12870	7924	5869	5058	4945	4935	5005	5046	92	112	260	47458	8293	2843	878	380	259	232	244	287	87	95	234	46872	10207	3933	1237	448	283	216	224	249	82	96	238	45111	10669	3865	1088	395	237	240	249	252	90	101	255	47885	10819	3876	1135	425	326	290	320	313	97	106	221	39207	8125	2949	942	390	254	215	238	243	91	94	259	39282	9347	3928	1381	739	627	600	580	592	96	101
242	40042	7964	3516	1290	655	500	501	479	554	107	102	234	47746	12948	8011	5957	5285	4984	5043	5053	5235	89	96	242	47038	8273	2900	864	362	262	260	274	275	90	99	235	45934	10155	4035	1258	459	287	227	238	254	83	100	232	44650	10684	3910	1080	396	260	247	243	281	98	107	255	47629	10840	3881	1194	459	317	301	313	326	101	102	250	38733	8027	2943	937	385	264	222	235	231	96	109	256	39499	9472	3977	1441	737	631	597	598	616	107	108
269	40402	7895	3418	1286	692	564	515	543	555	113	104	248	47754	12952	7969	6158	5376	5150	5111	5127	5309	89	96	250	47154	8262	2863	892	383	274	247	264	275	97	98	236	45952	10139	4030	1227	469	282	246	228	268	87	101	256	44502	10630	3857	1087	385	268	246	255	258	89	102	265	47641	10626	3955	1095	495	331	312	322	321	85	96	203	38471	7883	2993	960	412	262	234	246	251	87	109	267	39619	9489	3870	1460	744	625	606	598	601	98	91
251	40153	7810	3502	1293	676	531	515	560	588	103	99	235	47366	12948	8182	6171	5511	5301	5206	5227	5353	88	94	257	47150	8194	2960	908	401	250	225	261	278	95	94	247	45509	9978	4183	1306	462	298	245	243	265	84	103	243	44093	10647	3919	1104	406	265	247	251	277	98	111	268	48044	10763	4010	1129	494	321	314	317	341	97	102	247	38059	7933	3058	977	396	264	239	240	257	93	102	259	39862	9569	3796	1429	761	646	625	619	622	102	104
251	39859	7800	3476	1332	727	550	532	573	601	103	101	269	47353	13128	8257	6335	5662	5446	5203	5251	5504	91	106	257	47014	8213	2899	897	404	265	252	269	287	92	107	247	45293	9858	4281	1321	542	307	262	249	252	85	99	262	43706	10578	3924	1109	411	248	247	260	280	92	95	243	47642	10788	3892	1173	483	340	298	326	326	91	108	224	37984	8028	3073	998	408	281	232	242	263	85	105	269	39633	9342	3875	1498	785	648	620	600	612	100	100
270	39986	7810	3464	1393	781	577	537	563	613	99	101	268	47670	13206	8309	6490	5816	5469	5330	5257	5530	97	106	256	47117	8153	2922	907	417	280	255	273	278	94	88	260	44974	10002	4240	1304	492	307	262	252	270	91	95	244	43985	10600	3941	1102	417	262	240	257	270	96	101	264	47194	10908	3938	1173	477	331	325	313	341	84	112	230	38023	7987	3118	997	440	284	248	236	257	92	106	270	39702	9493	3860	1479	802	656	636	624	593	112	105
279	39502	7766	3452	1387	762	579	543	573	630	112	103	257	47663	13325	8482	6566	5913	5554	5450	5437	5540	83	100	242	46742	8193	2900	906	401	280	257	281	259	93	91	242	44727	9885	4397	1352	511	326	260	262	263	92	89	259	43878	10581	3913	1083	445	262	264	282	291	99	110	280	47493	10534	3955	1196	503	338	317	322	346	100	97	239	37445	7969	3184	1023	433	280	249	234	267	87	101	261	39808	9408	3925	1463	839	695	636	622	610	90	87
263	39565	7914	3514	1432	735	610	548	581	631	100	104	251	47029	13495	8598	6761	5915	5833	5523	5475	5566	101	104	277	46974	8174	2890	890	395	288	253	266	288	97	91	231	44275	10095	4462	1346	519	327	275	249	284	101	102	260	43706	10417	3903	1132	425	276	229	254	281	97	102	271	47020	10845	3930	1184	501	357	312	328	347	87	100	249	37456	8150	3229	1053	441	266	269	256	273	83	107	275	39643	9386	3888	1530	838	715	651	626	630	102	110
257	39103	7873	3515	1448	810	621	551	588	621	102	92	256	46746	13514	8788	6886	6208	5853	5524	5523	5647	95	104	284	46581	8030	2925	901	402	287	249	248	296	101	100	223	43526	10171	4522	1394	528	315	261	249	297	88	99	273	43489	10428	3811	1212	440	303	237	252	276	88	99	270	47021	10667	3963	1200	492	364	316	347	331	101	107	255	37237	8216	3191	1053	467	293	260	246	252	92	100	269	40029	9483	4018	1549	820	730	662	625	604	102	102
249	38906	7916	3503	1526	811	633	601	596	620	102	96	265	46516	13512	8794	6928	6269	5865	5565	5549	5716	92	107	277	46362	8078	2974	946	403	271	274	266	297	104	110	232	43637	10147	4608	1434	528	314	267	267	294	104	105	256	43021	10400	3842	1151	436	280	257	254	312	106	103	272	46527	10591	3993	1160	505	382	355	321	349	93	96	235	36663	8332	3315	1134	457	298	256	244	262	92	104	256	40149	9546	3942	1567	836	735	676	649	649	111	109
280	39101	7995	3497	1553	820	627	577	604	643	103	99	270	46349	13485	8891	7047	6380	5956	5743	5717	5856	106	99	264	46243	8118	2984	954	404	293	267	272	279	101	98	232	43434	10427	4708	1417	569	339	266	268	300	102	87	265	42953	10382	3882	1229	449	274	262	266	285	98	106	269	46756	10586	3921	1215	536	379	352	336	325	103	87	236	36541	8455	3405	1176	490	288	257	250	278	95	102	256	40173	9357	4039	1629	873	721	668	640	653	104	96
292	38975	7902	3571	1584	870	658	591	622	666	102	96	275	46230	13723	8954	7141	6490	6222	5797	5707	5802	103	100	269	46052	8175	2901	972	427	288	266	283	285	100	92	241	43431	10507	4745	1501	581	348	280	272	274	93	104	263	42799	10318	3922	1230	440	278	262	249	292	105	97	264	46295	10486	3888	1189	525	367	335	336	363	89	94	259	36708	8564	3417	1216	530	316	256	264	257	97	98	256	40036	9364	4054	1653	883	727	646	674	669	104	111
297	38826	7802	3644	1632	926	663	623	632	702	106	95	266	46257	13714	9173	7266	6734	6298	5887	5690	5850	107	87	291	45972	8132	2965	967	431	313	265	292	279	107	106	260	42965	10710	4831	1527	580	353	289	295	292	96	99	251	42721	10403	3971	1232	446	308	265	257	305	94	111	280	46388	10461	3905	1218	515	369	360	329	350	92	96	250	36275	8635	3539	1244	518	325	271	258	267	91	100	262	40143	9524	4186	1602	872	774	704	658	646	104	102
284	39081	7959	3765	1677	938	689	628	662	711	107	95	266	46105	13917	9272	7297	6705	6342	5915	5775	5989	97	102	274	45739	7998	2917	945	423	287	265	280	294	90	96	260	42738	11022	4939	1554	596	340	292	273	297	95	97	272	42579	10333	3911	1277	460	275	267	274	305	94	105	274	46242	10497	3944	1236	517	404	340	343	343	106	108	238	36168	8782	3631	1315	552	332	279	291	252	90	95	277	40079	9330	4212	1664	884	773	662	658	671	100	102
292	39007	7892	3726	1686	937	699	608	638	695	99	96	272	45714	13748	9330	7430	6814	6435	6029	5941	6112	106	97	287	45207	8064	2998	1020	429	310	282	271	300	102	92	263	42242	11070	5021	1600	624	371	299	298	283	101	106	283	42127	10353	4049	1321	483	301	252	276	267	95	102	290	45703	10493	3927	1229	530	381	351	342	369	90	99	266	36034	8911	3755	1347	571	336	288	270	273	96	110	279	40486	9551	4388	1746	928	766	721	698	673	98	96
283	38588	8015	3784	1783	987	734	633	707	707	100	106	272	45882	13815	9458	7532	6954	6527	6035	5909	6180	107	112	295	45194	8059	2965	1023	437	304	283	279	304	102	93	257	42284	11425	5139	1588	605	368	304	307	298	107	107	291	41979	10199	4155	1264	503	296	284	270	299	98	107	295	45844	10557	3959	1267	518	405	349	367	367	105	104	246	36123	9017	3837	1400	575	344	287	260	294	112	92	283	40233	9618	4426	1770	932	790	694	690	659	108	88
286	38324	7884	3942	1797	975	742	672	663	734	89	92	269	45520	14096	9738	7589	7116	6644	6132	6056	6170	117	89	298	44897	8019	2996	1024	472	308	277	279	323	107	97	273	41541	11565	5147	1714	635	374	305	280	297	100	100	284	41625	10162	4214	1370	498	317	272	286	281	116	101	268	45730	10501	3992	1284	563	396	354	341	368	97	96	260	35976	9191	4061	1465	572	354	289	278	288	111	105	293	40320	9666	4527	1794	957	772	715	680	647	101	99
304	38384	7993	4041	1850	1016	777	653	682	721	97	92	268	44994	14023	9539	7620	7314	6805	6207	6078	6219	101	106	295	45150	8111	2933	1018	439	302	279	292	301	104	97	272	41734	11842	5286	1788	680	375	313	298	312	103	91	285	41449	10090	4290	1357	522	318	266	280	307	108	104	294	45736	10565	4005	1290	548	383	353	364	391	103	99	249	35586	9336	4127	1556	601	355	294	279	296	106	102	275	40628	9639	4761	1898	1009	771	710	697	658	101	98
297	38609	7984	4097	1920	1019	821	661	713	742	99	83	265	45435	14210	9795	7875	7360	6802	6319	6127	6245	113	104	273	44990	8014	3012	1058	474	335	292	289	293	102	111	262	41281	11784	5337	1849	700	383	329	296	310	101	99	268	41320	10147	4328	1350	530	320	271	278	291	118	95	300	45104	10533	3930	1317	545	400	377	349	364	100	99	274	35548	9518	4349	1606	625	349	278	288	278	107	89	267	41311	9853	4862	1979	1028	802	750	672	680	107	106
300	38104	8044	4284	1962	1034	811	674	706	737	125	107	289	44597	14218	9696	7899	7418	6858	6467	6135	6278	113	99	309	44616	7927	3094	1109	475	319	282	301	299	105	105	262	41529	12189	5617	1843	706	407	333	303	321	96	90	273	41353	10133	4416	1429	539	309	262	277	302	107	107	266	45510	10439	4018	1345	586	399	347	356	381	105	104	264	35580	9792	4510	1703	642	341	303	290	280	95	105	265	40753	10009	4968	2035	1006	783	720	679	675	105	110
304	38147	8151	4353	2025	1102	816	711	735	759	101	99	256	45106	14164	9855	8128	7378	7067	6462	6159	6407	107	105	306	44935	8030	3127	1085	489	334	284	287	320	103	104	263	40512	12378	5611	1985	737	413	322	327	314	116	106	263	41103	10098	4547	1477	565	329	292	299	291	107	94	284	45103	10430	4178	1380	589	430	359	357	370	98	108	256	35234	9992	4645	1791	644	365	303	309	265	114	102	296	41333	10292	5187	2102	1033	790	711	692	665	108	102
294	38409	8395	4480	2098	1093	827	749	713	773	104	95	296	44734	14411	9875	8195	7502	7248	6388	6211	6494	109	103	291	44666	7950	3132	1136	489	339	295	298	319	100	111	261	40805	12521	5831	2054	778	434	346	316	308	101	98	272	41181	10119	4642	1554	566	329	274	297	284	102	102	268	44780	10350	4163	1390	592	389	356	381	370	108	97	280	35073	10084	4895	1875	728	393	307	279	285	115	98	287	41351	10483	5295	2177	1085	813	724	703	694	107	92
286	37838	8512	4533	2189	1181	831	744	719	764	92	99	277	44570	14438	9933	8465	7539	7113	6493	6299	6518	90	94	287	44563	7968	3306	1184	503	327	295	297	305	112	109	276	40676	12756	6032	2123	798	423	329	309	323	110	90	273	40844	10372	4805	1571	595	351	286	279	308	111	98	270	44692	10337	4212	1462	630	413	348	367	383	98	103	271	35347	10393	5190	2008	737	379	300	298	320	104	100	285	41335	10785	5498	2227	1117	828	704	710	688	97	91
303	37856	8786	4770	2231	1169	880	760	767	788	89	94	280	44540	14529	10070	8645	7706	7374	6560	6437	6517	111	92	310	44158	8010	3267	1188	510	337	295	319	343	111	108	256	40119	12960	6200	2235	825	439	338	311	343	114	103	300	41056	10476	4887	1623	609	345	294	288	304	102	97	279	44469	10242	4297	1501	628	405	372	371	382	117	108	272	35733	10646	5464	2065	731	393	301	316	288	103	98	261	41682	10957	5734	2305	1205	879	749	696	720	99	100
296	37795	9050	4864	2372	1189	913	803	782	795	109	97	291	44698	14495	10317	8872	7841	7430	6662	6430	6579	117	98	298	44039	8086	3319	1266	527	365	295	310	310	124	99	280	40336	13228	6379	2309	850	451	343	333	312	121	97	297	40782	10479	5094	1668	615	346	266	305	293	99	95	285	44244	10336	4461	1500	636	410	382	364	402	121	100	274	36311	10832	5592	2234	766	417	296	296	300	110	108	285	42191	11294	5908	2458	1257	870	719	726	703	107	94
317	37507	9209	5043	2436	1223	913	789	767	782	107	104	296	44283	14820	10577	8986	8036	7473	6645	6580	6714	107	105	293	44185	8010	3414	1325	536	340	298	304	289	114	92	263	40059	13383	6700	2412	898	460	336	337	340	107	102	299	40530	10665	5236	1752	591	347	300	316	310	109	110	278	44365	10259	4504	1565	655	422	370	365	398	110	113	273	36756	11092	5764	2348	800	423	318	294	284	111	99	271	42083	11495	6142	2509	1246	875	778	717	681	103	103
