31	33	28	31	29	33	24	31	36	37	28	24	22	39	40	41	35	35	37	35	38	34	31	31	31	31	27	26	31	31	31	30	37	28	33	31	31	35	24	37	26	28	29	26	30	35	32	26	33	25	30	24	29	31	25	22	31	29	37	27	34	27	27	30	29	28	29	23	33	39	28	31	38	54	30	29	31	27	23	26	29	36	32	29	30	32	32	39	27	31	33	30	30	35	29	36
20	25	29	35	32	31	28	28	29	30	29	35	26	40	37	30	32	40	38	40	41	41	29	25	30	27	30	29	29	32	27	27	33	34	29	30	28	30	27	29	35	28	28	26	30	33	28	32	36	30	28	30	31	24	34	31	31	35	31	26	31	29	28	32	35	40	25	29	34	33	28	23	33	51	32	36	36	31	29	38	34	37	31	28	37	37	30	34	24	30	33	33	32	33	23	29
34	30	33	32	28	30	29	31	29	31	26	29	21	40	34	39	32	40	42	39	41	42	25	34	32	30	33	35	24	33	36	29	34	23	24	32	26	30	32	31	25	30	32	30	32	29	35	33	29	30	30	29	31	26	28	28	29	26	26	30	36	30	34	32	39	32	29	29	34	36	29	36	32	51	34	34	32	35	26	32	34	31	30	29	37	31	32	35	34	32	27	25	37	40	20	29
37	27	30	33	33	42	27	27	26	28	31	31	35	40	37	42	42	45	41	50	45	45	28	29	22	22	27	26	28	30	34	29	29	29	32	31	35	29	30	26	32	30	33	30	32	33	23	36	34	30	23	32	28	27	31	27	27	29	32	25	26	31	33	29	26	26	28	36	31	29	27	24	34	58	28	35	36	30	33	32	34	33	29	30	34	30	32	32	28	34	31	28	32	33	38	31
25	30	28	27	30	27	26	28	30	35	29	22	25	53	50	44	55	46	47	56	48	48	33	26	32	33	28	29	33	27	31	28	37	33	29	33	29	28	34	27	31	26	29	36	25	31	28	27	30	32	27	26	21	29	30	21	29	30	36	32	35	31	30	30	34	35	27	30	38	36	28	27	35	48	34	32	25	30	32	36	32	36	26	26	35	38	34	30	27	36	30	24	35	35	30	32
26	26	31	24	32	27	28	35	29	29	29	31	31	48	49	51	49	55	60	50	56	49	32	28	29	32	30	27	31	31	27	31	32	30	31	29	27	27	24	25	33	32	27	29	28	31	26	36	34	31	27	23	21	31	29	25	28	27	25	32	34	37	32	34	27	27	37	29	28	35	33	34	38	60	24	35	35	38	22	29	31	32	28	36	32	39	32	31	29	31	30	35	29	32	34	25
24	39	30	30	22	39	30	26	29	29	28	31	30	62	62	60	52	53	56	57	62	54	27	27	29	35	32	24	26	30	33	34	34	38	24	39	27	34	27	42	29	33	33	28	27	31	27	25	31	28	28	31	25	33	27	30	30	32	31	29	29	38	36	32	28	34	28	35	29	32	33	23	38	67	29	38	31	32	34	30	30	34	29	29	33	38	32	33	34	35	32	31	32	31	38	30
31	42	29	25	25	31	33	25	28	31	30	26	29	72	65	54	56	59	63	64	57	61	22	31	29	30	28	28	36	26	27	32	27	27	28	30	31	42	31	33	28	31	26	29	26	25	27	31	40	45	29	29	27	28	26	27	26	32	27	28	29	32	26	29	31	27	33	28	33	31	24	37	39	74	32	39	35	38	29	37	39	31	25	28	34	58	36	35	36	29	28	35	35	34	26	36
28	49	34	31	29	36	31	32	30	31	31	31	37	89	62	62	67	70	64	68	65	69	26	29	31	55	29	27	33	25	33	33	33	28	25	28	26	54	38	28	34	26	29	33	32	35	34	34	35	44	28	29	25	28	25	27	26	33	31	26	33	57	32	27	36	26	28	33	35	31	27	31	34	94	36	33	33	32	33	28	39	34	20	33	32	64	34	29	34	33	33	32	31	41	35	34
32	63	30	31	23	27	29	32	31	30	30	24	32	101	71	77	78	71	62	74	76	68	29	28	27	56	31	29	29	28	33	31	31	34	25	26	31	60	26	28	29	26	36	36	32	35	31	26	26	66	32	32	27	22	27	29	22	32	27	30	30	62	25	24	35	30	36	35	38	32	24	31	32	119	36	38	30	33	35	34	30	28	28	31	28	78	33	32	34	31	35	31	33	31	38	31
30	82	34	26	31	28	32	36	30	31	26	32	36	126	79	69	87	74	74	74	83	81	25	23	30	70	24	27	32	30	32	37	33	35	21	28	31	78	34	30	25	28	32	30	25	32	28	26	30	70	25	20	25	27	28	23	30	36	26	35	30	86	33	32	27	34	31	30	31	33	27	30	37	131	34	34	31	29	31	34	37	37	26	31	40	108	38	28	36	40	32	33	33	32	34	34
32	88	32	32	30	29	35	34	29	27	28	34	37	160	82	79	80	79	72	77	82	84	32	28	36	93	28	31	25	36	33	33	31	29	26	34	30	90	27	24	29	27	31	30	29	30	29	32	32	88	32	30	30	29	30	30	30	32	29	29	35	104	31	38	27	27	31	28	33	39	22	32	44	157	38	45	29	33	33	32	37	38	35	31	39	135	44	29	30	30	32	33	34	32	29	34
35	109	29	29	34	33	32	32	33	25	33	37	32	174	79	83	87	88	90	92	80	83	26	32	34	113	28	30	32	27	35	30	23	28	25	26	29	116	34	27	31	29	32	29	28	28	23	31	37	117	31	28	24	25	31	27	30	31	28	27	27	130	29	27	29	31	34	40	34	35	29	31	34	194	31	34	37	32	34	32	42	37	28	28	32	164	34	34	31	37	32	40	37	34	35	32
33	138	32	26	30	31	33	35	38	29	33	26	36	226	89	84	95	88	101	98	91	95	22	30	36	123	29	28	28	29	31	29	34	34	23	31	27	145	34	29	29	33	29	36	29	35	28	34	31	142	26	32	32	31	31	28	26	32	30	31	30	157	35	31	28	31	42	37	38	32	24	35	39	244	39	36	35	38	32	39	44	38	29	30	38	195	36	34	34	38	40	34	34	32	30	35
34	158	34	26	25	31	29	34	36	38	26	33	37	235	91	86	94	91	89	101	105	98	19	35	35	165	30	30	26	35	32	28	38	31	24	25	30	175	34	27	28	34	35	36	35	38	27	32	39	168	28	30	28	29	30	31	32	36	24	34	36	193	37	32	27	35	39	37	37	34	27	27	35	266	40	35	35	34	35	34	33	37	21	28	48	225	48	36	32	36	34	37	37	38	29	30
36	186	28	34	32	31	41	41	34	33	28	32	36	270	89	96	103	97	107	101	114	101	23	31	34	194	31	34	31	29	34	33	35	37	27	30	30	207	33	27	34	28	39	37	39	37	25	31	31	205	27	26	25	28	37	35	29	36	25	32	35	241	31	33	30	31	41	43	42	37	21	28	42	313	43	37	38	39	39	39	38	46	28	28	42	279	41	32	40	34	37	40	42	33	34	39
33	228	36	28	25	36	37	33	41	40	31	31	39	295	104	94	109	106	103	114	117	112	30	30	43	222	34	24	24	31	34	37	43	40	26	36	30	238	35	32	27	36	31	42	37	42	27	30	40	227	31	28	30	30	29	39	41	32	23	30	39	277	39	35	35	33	40	39	42	42	25	35	36	368	43	37	35	38	37	43	39	39	26	29	41	329	55	39	35	35	42	47	31	42	25	34
41	263	39	33	32	32	39	37	40	39	32	30	39	337	106	95	117	114	116	126	126	115	24	34	35	267	40	29	28	29	37	34	40	38	27	33	37	275	35	28	26	29	32	39	36	40	26	31	36	263	33	35	32	37	33	38	37	34	29	28	32	328	45	36	34	37	43	37	39	42	26	33	51	430	44	34	32	44	41	40	44	40	21	26	45	383	50	38	34	43	42	50	48	40	29	24
40	293	42	35	35	35	38	43	46	45	27	30	40	382	112	106	121	117	133	125	119	112	28	32	35	310	41	31	28	35	32	37	38	40	25	34	32	329	36	28	29	31	40	37	41	37	26	32	34	301	31	36	25	31	36	40	40	41	27	29	37	384	49	38	34	39	36	40	45	37	22	31	43	485	58	40	36	38	45	49	38	47	30	33	45	455	61	38	34	38	42	54	45	40	30	36
38	328	43	31	33	33	48	40	47	42	29	28	37	425	126	113	117	121	139	131	138	121	25	32	47	359	48	32	32	31	32	31	41	37	24	28	44	381	42	31	31	36	40	34	34	41	26	28	47	357	41	31	26	35	37	37	32	38	26	32	43	430	51	43	33	36	31	39	41	41	29	31	43	558	68	46	35	45	44	45	54	47	25	28	51	505	74	33	41	40	41	44	47	52	32	27
49	370	55	34	28	38	40	42	38	43	33	30	45	473	136	109	143	134	138	136	151	134	31	23	36	399	46	39	28	30	43	38	42	44	27	30	39	408	53	33	32	39	38	33	41	39	20	28	37	408	49	34	39	29	35	40	43	44	21	21	36	490	67	42	38	38	38	47	43	43	26	34	41	632	72	51	27	40	40	47	42	50	26	32	46	613	80	47	36	45	39	47	49	53	29	31
41	427	58	41	35	33	43	42	40	43	33	31	48	567	162	129	144	141	145	167	141	142	25	31	37	421	54	42	34	33	41	35	43	43	22	27	37	485	53	38	33	35	41	37	42	44	23	28	39	434	52	45	35	26	35	42	38	39	22	25	38	590	90	41	30	39	45	43	42	42	21	31	43	716	101	52	40	45	39	46	55	48	26	38	52	654	95	53	39	41	46	44	50	57	38	32
46	473	85	47	39	33	40	42	48	40	33	35	49	613	227	140	156	156	151	167	164	161	23	26	45	468	76	32	39	38	35	39	43	44	27	35	40	512	83	39	33	30	35	38	38	48	23	32	41	527	76	48	37	36	41	38	44	41	23	31	48	682	115	51	45	44	41	49	48	44	23	33	46	777	119	62	44	40	54	46	50	49	22	28	53	753	129	57	41	47	48	59	45	47	36	37
46	532	103	62	34	37	40	46	45	46	32	30	47	744	276	175	170	175	155	177	175	159	21	32	38	553	101	42	38	36	39	40	45	41	33	30	42	584	110	55	39	38	46	43	38	43	29	32	40	631	115	66	44	37	38	44	38	39	24	29	43	810	135	62	43	39	44	51	40	50	23	35	46	925	135	76	37	46	47	46	47	52	25	36	49	863	165	64	43	47	46	51	56	57	31	28
52	640	155	67	45	37	47	48	43	46	33	29	48	893	359	195	195	182	181	199	197	185	20	26	45	689	136	49	37	39	36	47	39	45	21	27	41	687	150	68	36	36	49	45	50	47	27	28	42	758	146	78	44	38	38	40	48	45	25	29	42	936	161	68	42	49	35	47	43	54	23	29	40	1043	172	80	54	51	45	47	51	51	30	28	48	1014	205	71	48	41	48	59	57	58	30	32
57	761	212	92	52	38	45	53	58	48	25	34	50	1083	411	217	213	194	195	208	219	191	29	31	51	808	176	67	40	39	38	50	46	45	23	29	41	811	184	76	41	33	47	42	41	49	19	36	37	944	202	101	51	38	47	46	44	44	25	30	53	1048	196	70	54	46	51	49	49	50	20	24	51	1203	203	89	52	48	49	52	56	49	19	28	53	1157	250	89	48	43	52	62	59	59	35	31
58	955	263	114	55	51	46	53	46	63	28	26	49	1239	495	265	250	220	220	218	224	201	25	24	57	950	222	77	53	38	38	46	53	53	27	31	50	930	245	104	49	39	47	43	49	52	27	25	53	1135	247	112	52	45	38	52	48	55	24	27	49	1165	266	86	56	47	47	55	57	53	22	25	55	1362	246	109	63	46	58	57	60	56	22	33	58	1284	303	109	61	48	60	55	63	61	28	31
53	1147	308	135	65	48	46	55	56	61	31	35	55	1436	562	302	260	237	242	237	242	229	20	25	50	1104	279	89	49	43	45	51	49	59	28	32	40	1103	301	123	49	40	45	48	52	52	21	29	45	1336	294	138	57	42	45	46	48	50	21	28	44	1325	292	109	70	54	50	66	54	57	24	33	61	1528	292	124	58	52	54	57	54	62	20	33	63	1440	369	127	71	53	60	58	62	68	28	24
56	1319	385	159	70	51	50	55	57	63	31	27	58	1616	685	355	258	244	248	274	262	260	21	34	50	1288	336	130	52	39	43	45	46	51	20	25	56	1271	351	125	61	47	43	52	55	60	29	30	51	1559	373	143	63	44	42	50	51	42	20	29	48	1549	339	124	74	50	57	60	69	61	25	29	51	1673	306	148	65	49	63	59	70	58	17	27	79	1608	450	169	73	50	61	66	66	65	31	27
67	1534	448	171	77	45	58	54	63	61	39	32	60	1860	712	383	295	278	255	284	291	261	21	36	51	1482	392	124	59	46	41	48	55	54	22	33	58	1442	416	148	64	41	48	46	54	64	22	27	46	1763	406	161	74	46	48	44	56	58	21	26	47	1766	383	143	70	53	60	60	63	69	26	27	57	1864	356	163	76	54	45	60	63	64	20	30	81	1812	511	169	94	61	58	61	75	71	34	36
58	1728	517	185	88	47	57	63	76	69	25	32	68	2020	790	411	284	282	291	271	288	305	25	32	50	1675	465	137	65	43	52	47	54	57	22	30	57	1644	498	175	60	39	50	61	50	56	26	33	48	2014	469	194	72	43	42	55	56	52	25	31	51	2035	445	157	78	64	58	62	66	71	26	28	58	1997	383	177	77	56	51	59	63	62	24	40	73	1988	574	189	73	56	59	71	73	78	28	31
62	2012	557	211	87	56	59	65	67	74	31	31	66	2306	873	435	326	277	297	308	324	315	24	30	64	1884	501	175	69	51	47	55	68	52	27	34	52	1827	547	197	70	45	46	63	61	66	31	31	48	2256	531	201	74	46	47	48	61	61	29	30	52	2261	510	181	79	62	55	61	61	71	18	31	68	2202	408	196	82	57	65	66	65	70	26	26	73	2225	612	207	92	55	64	75	79	82	29	31
70	2235	626	228	97	62	61	71	80	79	37	28	72	2512	935	458	325	311	312	327	325	337	20	32	66	2148	582	174	75	45	54	61	56	62	16	30	58	2012	608	210	83	50	49	50	60	62	20	23	60	2451	557	220	79	51	47	57	53	63	26	25	59	2575	572	209	82	56	64	68	66	68	24	25	63	2393	463	197	90	57	62	63	74	69	20	32	74	2468	673	235	100	71	64	78	80	79	33	30
74	2487	685	252	102	60	55	72	82	81	30	32	71	2804	990	522	355	317	309	315	344	357	26	34	64	2349	605	217	77	47	48	60	59	62	26	29	66	2232	642	233	82	55	53	55	57	72	23	27	56	2707	612	242	77	50	52	52	59	59	23	31	60	2898	601	219	91	62	59	65	66	74	25	33	72	2679	508	227	86	65	59	71	70	72	22	26	75	2791	732	257	101	64	71	75	69	86	30	28
68	2750	773	283	103	65	62	80	87	87	33	29	67	3036	1086	544	364	341	334	328	361	376	24	26	61	2627	644	200	82	51	62	69	70	68	24	34	60	2478	703	233	89	56	55	59	68	65	29	23	61	3010	679	240	96	51	47	56	59	64	26	23	59	3100	696	234	93	61	62	63	72	82	20	36	72	2948	556	253	88	58	55	68	76	76	23	38	79	3008	789	273	98	72	68	76	81	84	32	36
75	2970	801	309	112	67	70	70	74	87	28	30	80	3267	1144	591	357	342	345	347	359	357	26	28	65	2867	698	220	85	60	57	60	66	71	28	31	66	2676	733	260	92	62	56	63	70	78	24	28	58	3300	767	274	98	53	52	59	70	66	22	30	58	3448	729	263	110	65	58	68	69	67	18	31	75	3168	591	263	104	60	66	73	74	71	26	30	77	3352	884	268	108	69	76	77	85	86	24	28
74	3218	860	312	118	64	69	68	83	81	32	36	71	3477	1189	615	378	342	356	373	383	383	22	34	72	3182	779	242	81	53	55	64	61	79	19	27	68	2992	816	270	93	57	54	63	60	67	25	25	76	3566	835	286	95	59	56	57	69	64	19	29	66	3783	824	289	109	73	69	72	77	87	23	29	66	3467	680	291	104	69	67	63	75	74	26	30	82	3587	930	311	111	68	67	83	92	91	28	31
76	3463	925	330	128	76	67	69	78	90	35	27	75	3753	1303	677	399	366	371	373	388	408	23	28	77	3532	780	252	88	59	61	58	68	76	26	35	70	3247	828	286	98	57	51	65	65	73	26	25	68	3836	900	320	102	58	47	59	73	71	24	32	61	4104	914	327	115	69	65	66	80	90	24	31	73	3717	721	303	112	60	70	68	67	72	21	30	74	3898	963	335	118	76	75	84	93	92	30	32
81	3715	989	371	138	71	65	82	83	90	36	36	65	4000	1401	715	412	380	381	375	387	418	24	32	67	3790	853	280	86	62	55	67	75	74	21	27	71	3500	881	299	101	56	58	59	68	74	26	29	60	4094	981	329	108	54	52	64	70	69	28	30	70	4342	995	361	119	67	59	74	77	82	24	29	75	3888	801	331	112	59	64	73	79	71	20	36	84	4226	1076	358	126	81	74	93	94	89	25	36
88	4011	1105	422	144	72	65	79	101	101	32	31	76	4306	1478	775	441	388	382	391	415	407	21	28	74	4088	904	280	91	53	56	62	72	69	29	29	69	3696	929	335	105	64	57	71	68	68	22	24	66	4292	1043	389	111	67	53	58	60	78	28	34	74	4635	1110	377	133	79	65	73	74	75	20	29	75	4179	869	357	107	68	65	75	73	76	21	27	86	4518	1100	367	120	71	70	88	92	96	30	31
93	4339	1193	452	150	76	84	86	92	102	34	31	79	4473	1587	822	459	381	394	415	402	425	25	31	71	4388	936	308	101	58	56	65	68	78	30	28	70	3951	999	345	108	48	58	67	67	77	24	27	67	4467	1136	428	115	58	56	53	66	72	18	30	67	4876	1200	426	135	74	60	73	79	81	25	27	73	4354	925	379	115	69	76	74	78	72	19	33	88	4686	1221	394	125	78	82	85	93	97	32	33
87	4572	1283	486	158	75	70	83	87	103	30	28	86	4794	1680	898	483	395	402	410	443	446	24	30	73	4656	992	326	105	55	57	64	66	83	24	33	75	4122	1030	350	105	61	72	69	71	78	22	33	61	4698	1232	428	140	60	57	64	72	78	24	34	68	5133	1312	462	142	70	71	82	86	93	30	35	79	4620	1023	377	132	67	74	74	79	88	25	29	98	4927	1266	431	143	69	88	93	101	98	30	31
99	4736	1338	541	151	82	69	83	95	109	29	30	90	4904	1816	907	516	409	430	421	445	455	25	34	66	4890	1060	340	110	51	61	67	74	78	23	28	84	4374	1071	375	106	54	62	68	63	72	23	33	67	4868	1336	464	148	68	52	59	71	75	26	33	75	5354	1416	485	145	81	72	72	82	99	23	32	81	4695	1076	436	123	64	64	79	83	85	22	25	89	5125	1354	443	140	82	77	93	106	120	33	26
88	4938	1439	547	176	81	74	88	92	103	35	29	78	5055	1852	966	522	445	437	442	441	462	20	31	69	5036	1120	337	113	65	53	70	68	82	27	26	82	4552	1115	387	109	60	60	69	66	76	22	34	69	5108	1438	506	141	69	48	68	71	78	22	36	73	5568	1480	514	156	85	63	68	80	92	25	33	85	4891	1217	441	146	67	65	73	78	76	22	35	103	5372	1433	480	159	80	80	89	103	107	27	39
95	5190	1542	604	179	95	74	83	90	103	19	29	80	5314	1974	1023	539	431	444	457	447	501	29	32	73	5326	1161	376	105	66	59	64	67	81	26	36	71	4756	1208	408	111	74	62	60	70	76	21	29	69	5273	1519	557	153	67	67	67	75	83	27	30	69	5830	1599	570	162	77	69	80	82	88	26	29	80	5157	1264	491	125	68	70	73	84	81	16	28	98	5557	1492	514	139	82	84	95	105	103	22	27
93	5442	1638	668	188	93	82	95	95	106	35	38	83	5517	2028	1065	556	461	455	460	473	493	25	25	66	5543	1218	409	114	62	56	71	72	84	26	31	87	4986	1244	423	131	71	64	72	66	82	25	27	69	5457	1594	585	167	72	66	67	73	80	24	34	76	6054	1727	630	168	82	64	77	82	88	24	36	81	5308	1350	531	137	75	77	71	75	91	23	33	107	5870	1606	532	164	88	83	96	101	105	31	33
102	5711	1752	705	208	92	78	93	102	117	31	29	98	5761	2155	1207	608	465	460	478	486	511	27	29	64	5843	1276	416	124	71	60	72	78	76	30	34	86	5240	1341	451	128	59	66	74	75	85	21	31	74	5745	1727	639	176	76	54	58	72	79	22	37	76	6321	1891	638	181	76	67	74	81	81	26	28	89	5499	1511	542	142	75	67	80	80	79	19	31	99	6034	1722	549	177	80	84	88	89	107	34	32
93	5976	1898	788	215	98	77	81	101	115	34	27	94	5961	2305	1214	630	477	487	494	492	516	24	31	73	6060	1353	450	129	68	59	69	79	86	23	28	86	5504	1408	460	138	59	62	71	78	84	22	30	67	5968	1867	674	186	82	55	62	72	79	27	29	76	6557	1983	682	195	86	67	79	85	90	21	32	82	5816	1574	560	156	76	67	74	82	85	26	27	110	6376	1769	574	177	91	91	110	113	123	28	33
103	6045	1971	791	235	94	74	90	112	119	30	27	83	6345	2521	1325	655	491	499	494	499	520	24	26	72	6289	1372	473	134	68	59	74	84	80	23	30	71	5810	1487	505	142	68	68	76	77	81	29	33	77	6303	1981	729	195	73	66	59	69	83	26	31	76	6905	2131	730	184	85	73	74	91	97	23	31	84	6083	1711	597	155	87	71	86	86	92	20	35	101	6720	1885	623	178	97	86	115	112	101	31	31
98	6324	2109	848	254	101	81	86	105	121	32	29	82	6557	2630	1373	663	535	507	490	517	542	23	27	85	6519	1477	497	142	71	66	87	79	91	24	30	94	6109	1516	520	140	69	65	74	81	81	28	34	78	6568	2151	748	197	78	62	70	71	91	25	29	81	7259	2210	772	217	88	67	88	88	93	24	31	92	6401	1793	645	153	80	75	79	80	88	20	36	98	6945	1982	666	187	104	82	91	118	120	32	30
91	6594	2255	934	248	96	85	105	112	113	31	31	99	6822	2741	1433	708	533	526	517	500	554	24	31	73	6774	1531	523	144	71	66	71	84	86	27	34	94	6263	1607	562	144	75	68	75	84	82	19	34	75	6853	2217	816	217	78	62	65	72	89	17	31	89	7561	2412	789	226	92	77	75	94	97	32	29	86	6768	1880	694	169	83	79	85	82	86	22	31	98	7210	2020	690	207	104	86	94	112	111	33	29
102	6836	2393	966	275	106	87	96	109	112	29	29	93	7053	2862	1560	721	544	576	530	558	550	22	34	75	6965	1619	563	160	71	69	75	77	83	30	30	89	6511	1657	579	161	73	66	79	82	85	24	34	67	7137	2347	872	230	93	63	64	76	82	21	33	80	7824	2536	861	237	97	70	74	85	107	29	30	95	6961	2066	735	178	73	73	85	83	84	22	31	98	7391	2143	759	211	102	88	101	115	131	33	26
107	7063	2466	982	278	116	95	93	112	124	34	31	100	7369	2999	1629	789	577	569	542	563	575	23	31	80	7229	1711	581	174	77	62	82	93	89	26	28	95	6674	1768	613	154	76	75	80	88	85	21	33	75	7257	2538	957	237	94	62	66	74	82	26	34	84	8185	2616	904	243	90	74	81	92	97	24	28	95	7353	2193	770	186	83	79	80	84	90	23	35	102	7645	2276	811	212	110	89	103	122	133	29	32
117	7267	2590	1071	278	109	87	101	114	128	34	38	99	7558	3210	1675	825	585	582	554	537	581	23	34	79	7425	1773	630	168	77	67	74	85	95	25	26	89	6962	1868	651	177	80	61	74	77	89	30	30	87	7638	2671	984	240	97	55	54	75	83	22	30	88	8413	2839	991	254	99	73	79	87	103	23	29	85	7612	2299	800	191	86	74	81	84	97	23	33	99	7872	2386	846	229	112	95	108	133	137	35	38
112	7456	2731	1113	284	115	83	96	114	134	37	31	103	7774	3354	1819	832	607	592	557	597	577	29	30	77	7716	1894	688	187	75	62	76	76	94	28	37	93	7194	1963	707	179	70	62	75	84	87	26	30	94	7782	2720	1026	253	92	65	68	82	88	24	33	87	8717	2955	1028	246	103	91	75	96	118	25	28	97	7858	2398	849	211	90	77	85	87	91	25	32	106	8203	2524	873	228	99	88	109	119	137	29	30
120	7540	2864	1153	314	120	82	104	108	131	34	33	96	7915	3555	1852	893	626	604	560	606	623	23	30	77	7964	1998	695	183	72	75	77	82	95	27	30	94	7391	2044	713	195	69	71	80	82	92	22	34	80	8072	2913	1085	264	102	73	71	75	93	18	35	78	8942	3060	1064	252	107	79	81	87	91	20	33	97	8234	2476	903	204	90	72	91	88	95	22	33	110	8361	2646	948	245	107	95	117	118	119	35	26
115	7794	3015	1169	311	118	97	108	114	139	30	29	101	8321	3691	1972	909	642	614	603	617	645	23	26	86	8151	2105	741	212	83	70	87	89	94	27	30	97	7579	2177	794	202	78	70	81	73	100	28	25	89	8422	3146	1116	257	91	63	74	85	84	24	34	87	9327	3229	1163	269	101	81	78	99	114	26	31	104	8429	2629	931	213	86	86	101	88	99	23	28	110	8709	2766	951	239	99	93	105	132	141	29	33
107	7998	3135	1204	341	132	103	110	128	129	34	26	95	8485	3863	2006	882	665	622	624	623	678	23	32	89	8423	2174	783	203	90	70	84	87	101	28	27	102	7768	2233	788	213	78	82	75	84	93	24	30	76	8570	3255	1159	269	96	73	74	80	97	24	26	82	9495	3424	1193	284	119	86	85	96	107	20	32	95	8731	2746	966	214	93	76	87	92	96	24	37	97	8998	2924	1033	265	105	100	109	119	150	28	32
108	8331	3268	1252	337	120	94	107	121	132	28	31	111	8653	4001	2066	934	684	654	642	617	669	25	21	84	8764	2357	845	208	80	78	79	90	98	28	31	92	8033	2390	872	213	89	72	88	87	89	22	30	83	8930	3411	1187	273	116	73	72	75	89	22	30	85	10094	3541	1184	262	110	82	89	97	117	30	30	100	9087	2881	1016	226	98	80	91	94	100	26	30	113	9282	2963	1026	273	123	94	112	131	142	29	31
122	8481	3294	1271	346	131	103	116	123	144	34	25	119	8849	4153	2138	981	686	680	652	662	685	28	31	93	8937	2411	869	229	90	78	86	98	93	28	33	100	8276	2513	906	223	85	74	86	87	96	25	27	81	9358	3579	1209	286	102	73	74	75	101	24	30	78	10316	3679	1217	281	112	83	81	104	109	24	30	98	9437	2998	1035	222	95	82	85	108	95	24	32	104	9519	3106	1088	281	113	100	114	127	141	32	29
118	8762	3334	1300	340	135	106	109	123	136	29	30	101	9132	4117	2159	977	695	699	679	695	736	23	28	87	9238	2531	903	231	90	75	89	88	100	26	35	91	8509	2558	914	222	86	77	87	87	99	29	29	80	9588	3655	1243	292	109	73	76	82	92	29	30	83	10658	3780	1215	298	110	83	89	104	102	25	40	100	9600	3123	1107	248	91	80	99	92	111	25	27	124	9630	3283	1099	290	121	100	129	135	139	38	34
125	9003	3423	1325	370	129	107	111	139	146	34	29	105	9344	4218	2185	1003	718	699	711	694	734	29	26	89	9346	2650	954	236	91	86	88	99	99	19	25	103	8728	2791	1006	243	92	82	94	98	101	26	36	95	9732	3726	1226	302	100	65	72	77	90	25	33	93	10959	3927	1256	305	122	91	87	101	106	26	29	98	10080	3302	1103	266	96	83	96	94	114	27	28	113	9935	3358	1127	291	124	96	118	140	141	26	34
116	9432	3507	1359	357	150	103	115	131	156	26	25	105	9604	4330	2230	1031	768	712	747	734	733	24	30	90	9693	2738	956	241	87	69	90	96	96	24	32	106	9031	2833	1001	234	89	79	86	98	105	25	34	90	10108	3773	1275	328	121	75	76	81	95	32	32	84	11246	3927	1251	310	119	76	89	117	106	25	31	109	10347	3413	1154	255	94	87	104	99	107	24	32	104	10271	3434	1124	280	125	103	119	141	137	36	34
121	9618	3525	1385	365	136	112	117	135	155	33	35	112	9938	4510	2266	1087	758	763	763	769	791	30	28	99	10005	2806	1025	233	87	72	82	90	95	26	33	100	9145	2928	1042	235	85	78	95	98	100	28	35	93	10407	3780	1298	324	123	72	76	91	101	26	27	80	11613	3998	1290	326	129	89	93	106	118	30	27	97	10512	3491	1161	251	95	86	93	107	115	21	33	130	10541	3552	1186	304	129	111	127	155	153	31	33
134	9690	3564	1430	398	161	106	122	133	147	32	28	106	10206	4614	2308	1120	806	771	775	787	804	25	26	80	10121	2917	995	248	96	77	88	92	103	30	28	109	9364	2998	1055	239	89	70	81	88	107	24	31	82	10660	3805	1315	337	124	69	80	83	96	28	27	97	11778	4064	1317	314	116	92	83	109	117	27	29	111	10768	3638	1203	255	92	82	103	102	104	23	33	121	10801	3658	1167	306	117	106	136	140	141	33	30
126	9976	3631	1423	433	163	113	119	137	153	27	29	104	10500	4736	2423	1160	834	779	817	827	855	29	32	90	10535	2964	1048	248	94	80	92	96	100	27	31	108	9398	3108	1084	239	83	83	83	92	106	30	35	96	11041	3960	1367	368	129	75	78	85	99	24	34	96	12262	4127	1289	329	130	88	86	106	118	27	32	113	10945	3728	1228	255	103	87	98	98	118	23	34	119	10873	3706	1192	290	130	107	118	153	169	31	32
121	10192	3730	1453	435	171	111	122	136	164	31	30	116	10660	4914	2452	1214	869	820	823	851	872	29	41	93	10507	3071	1063	259	98	88	88	104	94	21	34	109	9828	3210	1108	247	95	87	91	100	103	29	30	94	11360	4009	1397	379	130	74	79	92	96	32	26	97	12571	4079	1304	349	115	97	90	102	112	27	36	102	11303	3859	1255	256	93	77	93	107	111	25	32	124	11237	3732	1214	294	130	113	138	161	165	32	30
128	10556	3710	1471	448	163	121	122	145	166	29	29	106	11050	5085	2536	1234	915	841	864	864	900	28	29	95	10874	3141	1072	249	99	75	90	103	117	23	30	101	10003	3303	1129	256	101	77	91	96	108	24	25	94	11594	4110	1462	402	140	78	82	82	98	27	25	98	12931	4163	1314	367	136	98	94	100	117	33	32	95	11513	4019	1303	263	105	96	96	112	115	22	31	122	11463	3820	1207	312	133	106	132	162	161	35	33
129	10914	3763	1523	478	191	121	136	139	164	31	34	113	11309	5117	2581	1293	931	906	905	901	933	26	27	101	11280	3200	1069	255	91	80	82	99	112	27	30	97	10196	3326	1155	259	94	86	85	102	103	32	29	102	11917	4218	1474	433	147	82	72	84	107	31	31	97	13179	4115	1316	369	137	96	86	112	119	29	32	109	11829	4106	1298	272	107	85	103	120	104	19	36	113	11743	3844	1245	316	145	120	142	173	176	32	32
129	11271	3732	1577	488	197	127	131	141	156	31	34	106	11542	5269	2632	1362	997	911	939	918	961	23	36	97	11559	3215	1090	272	101	78	92	103	116	33	30	107	10372	3461	1169	271	108	85	88	98	109	30	33	92	12242	4311	1522	420	148	80	68	97	92	23	28	97	13407	4128	1377	382	147	85	98	112	118	27	33	108	12080	4232	1305	265	101	89	106	104	112	28	32	122	11977	3918	1238	316	148	129	145	160	165	27	32
127	11453	3796	1624	510	204	137	136	145	161	29	35	116	11826	5349	2709	1419	986	955	946	958	974	28	35	111	11768	3333	1077	269	103	83	88	110	101	25	36	100	10581	3523	1188	269	96	84	86	104	107	32	29	102	12473	4284	1575	443	150	91	78	91	97	29	26	96	13792	4148	1360	396	146	108	105	120	118	25	28	107	12151	4263	1346	270	99	95	102	106	115	24	28	135	12132	3921	1238	342	144	132	151	168	175	30	33
139	12024	3901	1660	518	207	139	134	156	187	32	32	112	12240	5514	2845	1472	1046	984	969	1002	1045	28	31	104	12030	3380	1128	264	109	78	100	106	108	31	30	115	10820	3605	1228	282	100	79	96	108	109	29	32	100	12894	4444	1654	470	159	88	79	82	108	25	29	101	14268	4252	1420	413	161	103	102	115	116	26	27	103	12638	4366	1342	271	114	97	98	115	109	34	32	130	12537	3889	1250	339	143	128	151	167	184	35	34
131	12191	3860	1702	552	230	145	152	150	173	31	30	122	12445	5697	2875	1572	1043	998	1029	1038	1073	29	33	101	12227	3434	1091	280	105	82	91	101	113	32	33	113	11011	3662	1257	285	98	88	90	106	117	29	30	92	13428	4468	1655	497	149	97	80	90	98	30	28	92	14627	4168	1409	426	148	101	100	119	126	32	32	118	12918	4488	1344	277	111	94	109	116	124	24	31	129	12730	3925	1240	327	143	128	148	175	182	23	27
129	12677	3978	1769	568	238	158	141	156	173	27	28	118	13102	5699	3034	1661	1126	1023	1046	1051	1128	24	32	106	12437	3480	1097	283	102	79	98	120	126	27	29	117	11161	3685	1249	272	98	85	99	110	103	27	36	100	13594	4555	1741	535	157	98	91	87	94	26	29	101	15090	4157	1404	413	169	104	100	114	130	26	32	118	12954	4586	1361	275	100	100	109	98	123	25	33	132	12977	4013	1239	348	156	139	162	179	183	25	27
136	12983	4061	1818	584	234	168	152	153	180	29	29	113	13283	5725	3124	1762	1150	1048	1091	1119	1146	31	29	102	12816	3499	1110	290	110	84	111	118	110	32	29	100	11389	3758	1262	285	109	85	104	104	119	29	29	99	14249	4586	1773	519	174	97	79	101	110	28	30	99	15310	4211	1458	451	182	106	109	107	127	26	33	104	13167	4679	1352	292	115	98	107	116	124	29	29	142	13293	4019	1306	347	156	137	152	179	178	32	28
143	13352	4138	1891	627	272	173	156	172	191	35	32	124	13755	5909	3209	1814	1237	1109	1131	1135	1214	25	32	99	13055	3395	1126	291	115	82	102	102	130	28	29	115	11684	3730	1249	289	100	87	95	101	114	28	33	105	14666	4613	1806	548	175	109	81	86	106	35	32	106	15859	4129	1474	479	158	120	118	121	124	26	36	117	13465	4711	1392	287	113	89	104	118	132	26	27	131	13433	3996	1277	360	156	134	165	197	192	35	31
133	13777	4176	1892	621	253	182	159	179	186	26	35	130	14153	6120	3316	1939	1245	1159	1163	1202	1225	23	33	106	13421	3434	1130	299	112	77	102	119	119	26	30	111	11986	3824	1254	283	101	92	95	107	128	27	26	98	14981	4647	1863	553	188	106	87	94	99	32	29	107	16318	4219	1461	487	183	118	103	125	138	31	33	118	13865	4818	1406	295	119	103	112	121	116	25	28	134	13905	3968	1297	374	149	153	174	186	203	29	27
142	14306	4259	1991	657	269	192	164	170	184	28	28	116	14705	6167	3468	2009	1333	1186	1194	1214	1268	27	35	99	13862	3420	1138	309	110	97	97	116	122	27	31	120	12218	3834	1247	285	102	96	96	109	110	30	29	102	15468	4745	1947	580	161	104	89	94	102	28	30	100	16830	4174	1507	489	170	125	110	125	138	28	30	107	14161	4878	1327	313	124	96	113	114	113	28	33	149	14144	3990	1305	363	171	153	165	184	206	32	35
139	14582	4265	2032	675	267	196	186	171	191	26	34	144	15296	6298	3576	2125	1419	1228	1271	1295	1328	35	32	110	14234	3463	1153	320	117	90	100	118	119	27	29	119	12408	3856	1261	281	108	91	99	115	128	31	32	99	15840	4762	1945	580	188	102	96	106	113	26	34	108	17273	4193	1495	503	189	115	114	122	143	33	29	122	14295	4900	1373	315	114	104	110	122	123	29	30	138	14457	4012	1350	382	170	150	156	189	202	36	29
136	14994	4455	2052	698	294	204	175	196	185	36	33	133	15526	6472	3647	2191	1450	1298	1286	1347	1389	27	30	112	14637	3476	1179	306	119	85	112	113	129	29	31	116	12721	3819	1235	310	100	93	112	113	114	33	29	98	16537	4839	2011	592	189	100	96	101	118	30	33	107	17797	4226	1545	523	183	127	115	121	136	35	29	124	14735	4908	1361	309	118	110	110	122	139	27	32	146	14750	4046	1348	377	186	154	177	201	210	30	34
151	15118	4447	2140	719	294	202	179	182	201	35	28	127	15851	6614	3879	2358	1538	1322	1346	1393	1432	31	30	111	14984	3540	1188	316	109	101	112	114	128	25	28	115	13234	3851	1295	310	115	96	105	116	128	33	27	101	17145	4874	1954	583	194	106	86	104	112	30	32	105	18203	4219	1567	523	194	129	121	122	138	35	33	109	15036	5021	1359	309	122	110	130	121	126	31	37	135	15233	4088	1384	394	185	155	187	212	210	26	34
140	15412	4537	2224	736	311	220	178	194	206	36	33	120	16246	6754	3931	2457	1598	1382	1420	1451	1509	32	29	112	15115	3541	1210	304	123	87	110	118	116	30	29	121	13238	3817	1278	324	113	92	103	109	135	26	28	107	17452	4880	2075	620	188	115	91	100	122	34	23	114	18634	4241	1612	546	203	133	125	125	142	25	32	122	15490	5012	1386	310	125	107	118	113	136	28	30	136	15450	4153	1407	413	185	166	192	216	218	30	28
136	15744	4582	2203	704	322	221	193	190	213	28	28	142	16415	6911	4064	2535	1659	1440	1499	1531	1593	34	32	102	15601	3620	1198	311	124	89	111	123	134	27	24	124	13519	3844	1337	334	120	97	100	118	130	22	36	105	18022	4953	2076	620	209	121	107	102	103	30	37	104	19117	4242	1632	558	204	136	121	131	136	32	27	121	15781	5088	1379	323	130	108	108	118	131	30	36	135	15707	4180	1449	408	207	176	204	212	215	32	29
141	16201	4702	2242	721	325	233	193	199	226	35	27	139	16876	7100	4261	2709	1708	1468	1534	1566	1593	29	27	110	15988	3671	1251	332	129	92	107	127	131	32	33	106	14182	3812	1316	329	123	96	101	132	132	28	35	108	18202	5033	2136	602	198	116	94	102	122	31	30	103	19555	4280	1655	563	206	136	127	127	145	35	29	119	15978	5090	1382	332	122	103	120	113	132	28	31	149	15914	4307	1445	424	202	161	217	224	221	34	32
137	16667	4759	2278	735	325	239	220	202	220	30	31	135	17139	7005	4290	2763	1834	1602	1597	1600	1677	28	31	113	16336	3674	1248	318	120	92	113	123	125	36	30	138	14391	3890	1372	318	120	98	112	116	124	32	28	105	18636	5048	2171	641	189	112	105	99	129	33	35	104	19832	4355	1687	540	218	141	126	145	158	30	34	118	16447	5040	1373	331	131	116	133	129	124	24	34	152	16152	4285	1489	430	198	167	202	214	226	36	30
154	17010	4776	2288	758	317	259	216	204	221	28	32	143	17290	7253	4429	2889	1870	1631	1647	1702	1726	34	29	115	16610	3725	1246	327	134	98	111	126	137	32	26	128	14673	3846	1354	322	124	104	113	112	129	34	31	101	19132	5084	2165	626	218	115	98	113	118	38	27	104	20446	4332	1661	579	211	140	129	138	151	28	32	125	16672	5054	1394	342	128	107	128	119	131	35	30	141	16380	4425	1520	435	209	186	211	211	243	27	32
138	17284	4931	2246	786	343	269	210	221	225	27	30	141	17564	7292	4548	2993	1982	1716	1738	1823	1803	34	31	118	17084	3822	1300	340	134	102	104	128	140	31	30	122	14938	3869	1353	337	121	86	106	117	132	36	30	115	19609	5179	2177	629	206	116	102	112	127	31	33	115	20576	4348	1717	585	218	145	128	142	153	31	26	122	16929	5007	1419	345	138	117	129	130	145	32	32	151	16541	4393	1573	468	210	194	200	230	223	26	31
145	17667	4899	2281	763	348	262	223	219	227	31	26	143	18089	7476	4645	3076	2092	1767	1833	1869	1895	27	29	122	17535	3792	1329	333	132	99	119	133	138	36	30	119	15300	3945	1455	336	129	102	113	115	145	40	28	115	20103	5170	2202	617	222	121	100	114	119	33	30	123	20991	4433	1700	596	232	151	132	139	162	35	29	126	17408	5027	1446	346	148	123	123	126	137	39	30	152	16986	4510	1575	458	225	202	219	235	230	29	33
155	17765	5046	2318	811	374	277	238	229	233	23	34	149	18230	7424	4686	3132	2168	1764	1872	1923	1956	36	28	117	17635	3873	1313	359	136	100	120	120	142	29	35	127	15569	3949	1448	356	135	102	113	121	140	34	30	108	20199	5251	2204	639	217	120	100	100	125	39	32	119	21342	4405	1735	594	225	153	140	139	172	30	35	129	17614	5035	1456	369	140	111	122	130	131	29	32	153	17060	4513	1617	487	232	222	222	245	228	27	29
156	18123	5034	2351	766	354	270	234	234	244	29	30	141	18494	7544	4817	3256	2259	1899	1924	2008	2035	39	29	121	17940	3890	1341	376	141	108	111	139	136	39	24	119	15874	3982	1414	361	125	104	117	126	139	33	39	121	20402	5201	2214	625	207	133	105	119	121	27	29	119	21422	4442	1768	591	230	155	128	138	156	37	31	141	17993	5016	1477	375	138	131	125	142	146	30	35	149	17328	4569	1629	496	258	204	228	250	242	30	27
145	18322	5022	2298	815	389	279	255	226	255	31	31	149	18816	7687	4917	3310	2318	1957	1974	2121	2097	38	29	129	18444	3951	1347	370	143	113	119	140	130	33	32	128	16268	4004	1471	358	133	104	125	119	133	28	26	120	20444	5253	2210	622	202	128	109	111	127	40	31	106	21705	4373	1772	596	223	164	134	141	163	33	29	122	18420	4957	1494	369	153	125	125	126	136	29	35	152	17408	4551	1664	513	247	212	249	241	245	30	23
145	18387	5050	2349	805	389	286	262	234	267	30	31	146	19016	7738	4923	3393	2403	1954	2117	2159	2182	31	31	123	18755	3999	1375	367	140	115	121	139	144	35	36	133	16673	4090	1470	347	136	116	119	125	130	37	30	122	20856	5384	2212	643	210	124	112	99	126	33	30	126	21880	4457	1746	597	217	185	150	152	164	30	36	132	18424	4966	1501	379	151	124	126	141	138	34	30	154	17755	4651	1640	535	261	218	239	250	252	30	29
152	18582	5034	2364	795	406	298	271	253	267	36	33	139	19046	7749	5056	3469	2495	2110	2161	2209	2245	33	27	129	19124	3976	1353	373	154	109	123	141	144	43	31	137	16843	4063	1480	361	132	108	123	127	144	34	28	125	21153	5386	2184	647	204	132	105	120	127	31	30	113	21948	4479	1823	613	237	169	146	143	166	38	31	137	18758	4960	1589	374	146	141	136	136	138	35	30	159	17857	4676	1685	520	256	231	243	253	248	28	29
151	19142	5133	2331	809	391	300	260	255	268	36	29	154	19174	7831	5169	3532	2537	2145	2259	2260	2336	36	32	123	19660	3981	1381	392	143	106	121	132	143	33	36	123	17031	4064	1467	391	145	115	130	127	134	32	32	132	21156	5243	2200	619	217	113	107	120	133	37	26	123	22024	4479	1836	619	232	174	146	166	172	39	28	142	19060	4984	1547	388	153	119	127	133	148	34	26	163	18027	4739	1720	572	272	224	257	251	257	34	34
159	19158	5088	2397	822	381	312	291	267	275	30	33	146	19246	7957	5166	3618	2665	2239	2291	2381	2405	37	32	130	19784	3984	1422	409	172	110	135	139	153	39	30	131	17268	4131	1500	382	144	120	125	132	135	37	31	128	21353	5257	2220	632	225	130	109	114	131	40	28	123	22211	4515	1849	609	239	172	143	161	159	35	33	130	19125	4888	1574	398	150	137	140	135	148	34	27	159	18170	4720	1756	557	279	241	255	259	266	32	26
169	19195	5155	2366	823	397	311	274	274	289	28	31	152	19530	7928	5208	3793	2763	2250	2402	2435	2475	32	29	137	20143	4128	1420	398	156	120	129	145	144	41	28	128	17548	4124	1500	394	159	120	116	118	140	36	34	125	21341	5252	2176	628	220	135	109	123	131	37	29	132	22342	4501	1865	608	249	160	149	162	173	32	31	141	19227	4958	1617	399	160	124	135	143	149	39	32	164	18479	4714	1745	556	288	251	252	262	266	32	30
154	19544	5061	2388	862	418	316	288	269	298	32	34	152	19407	7929	5373	3703	2796	2385	2450	2525	2484	40	34	149	20251	4096	1432	418	167	115	135	143	170	39	29	140	17773	4125	1529	402	144	116	130	121	143	39	31	129	21677	5322	2227	628	207	138	122	124	136	39	33	131	22363	4587	1808	627	244	179	162	158	174	38	27	139	19380	4889	1617	400	165	134	129	144	145	37	31	160	18746	4821	1751	595	308	267	262	288	277	36	36
155	19526	5116	2391	836	411	313	302	284	296	27	31	143	19451	7966	5441	3778	2843	2440	2529	2612	2592	42	36	158	20579	4136	1459	377	161	116	131	144	151	38	36	133	17928	4177	1527	409	143	113	135	130	139	38	33	132	21672	5354	2176	607	239	129	112	133	133	37	26	123	22795	4618	1855	600	248	168	153	169	172	38	31	144	19445	4863	1659	401	166	139	143	149	144	35	27	162	18819	4852	1783	595	295	259	258	259	281	26	28
162	19636	5121	2365	819	429	332	291	305	309	33	22	157	19572	8096	5361	3866	2970	2517	2580	2675	2694	40	31	142	20707	4077	1460	411	175	118	126	144	156	34	26	132	17914	4188	1567	416	141	129	125	135	146	39	31	127	21944	5338	2175	622	233	136	128	127	147	38	24	128	22804	4646	1883	601	269	191	160	169	187	39	31	140	19574	4931	1641	427	159	145	133	141	147	39	30	171	18780	4776	1816	578	333	278	256	278	281	36	26
167	19778	5083	2371	852	432	345	307	291	289	31	27	164	19411	8117	5484	3904	3019	2640	2715	2728	2822	46	26	146	20867	4141	1485	412	180	122	144	143	159	37	30	133	18097	4213	1526	414	160	125	129	125	126	35	24	133	22035	5254	2132	628	231	137	120	120	127	38	28	137	23150	4527	1879	606	272	181	159	175	195	39	31	143	19706	4912	1683	425	170	127	143	147	150	31	29	181	18820	4899	1833	604	335	275	262	274	285	33	32
157	20030	5100	2308	842	458	354	309	294	312	28	33	159	19609	8026	5570	3923	3124	2643	2730	2868	2857	42	35	145	20847	4060	1440	428	173	132	152	144	159	37	24	137	18263	4198	1577	412	163	116	134	145	146	39	31	145	22171	5308	2093	635	227	148	123	121	142	45	39	142	23172	4631	1883	620	268	180	179	182	183	37	30	139	19905	4912	1663	436	177	134	134	150	148	38	33	160	19108	4848	1821	625	340	274	282	275	290	28	29
171	19996	5067	2311	860	471	352	314	296	333	25	29	161	19864	8132	5560	3978	3169	2741	2860	2940	2957	42	30	145	20917	4151	1492	422	172	134	148	141	160	39	38	137	18261	4178	1580	413	164	125	133	144	139	41	32	130	22012	5250	2147	634	235	134	121	126	133	42	32	144	23145	4577	1882	627	257	183	164	186	193	42	31	150	20058	4925	1668	426	161	144	137	151	157	33	29	184	19290	4882	1860	631	328	291	277	291	291	26	32
171	20064	5079	2293	875	464	368	325	316	333	33	31	152	19622	8196	5543	4011	3203	2842	2921	2995	3012	41	28	149	20912	4158	1512	430	187	120	151	142	149	36	30	139	18309	4201	1571	423	164	132	147	143	154	35	31	143	21784	5229	2115	642	230	140	127	120	141	40	36	132	23079	4648	1889	639	274	190	168	180	192	41	32	158	20091	4859	1675	428	177	148	144	143	140	36	26	175	19146	4881	1892	643	356	290	286	290	290	37	29
161	20254	5156	2322	888	455	367	315	305	336	34	38	169	19846	8174	5557	4129	3290	2932	3041	3124	3112	36	32	147	21233	4108	1514	455	188	133	140	164	167	44	31	151	18251	4216	1580	421	160	139	133	134	154	42	30	139	21930	5118	2065	645	251	146	139	130	153	39	26	136	23162	4712	1841	650	293	212	164	190	198	39	30	148	20290	4999	1666	444	164	142	145	157	165	43	31	170	19171	4918	1867	623	354	306	286	290	293	29	28
170	20260	5046	2271	942	488	385	330	311	339	26	25	164	19820	8196	5573	4235	3321	2980	3039	3140	3119	42	31	153	21477	4127	1476	472	170	140	135	152	149	44	28	152	18173	4248	1560	432	170	126	127	130	152	36	34	144	21961	5227	2053	670	275	170	125	128	153	34	33	134	23136	4671	1859	638	296	204	181	190	202	40	29	142	20295	4952	1694	456	181	152	141	138	160	36	32	167	19291	4893	1889	690	374	318	293	319	304	33	32
173	20308	4993	2275	920	495	393	345	324	350	33	29	177	19603	8092	5586	4270	3367	3066	3142	3229	3213	43	34	151	21391	4130	1502	455	172	133	147	155	164	46	29	140	18066	4166	1604	439	173	137	136	139	156	42	27	144	21750	5104	2036	684	250	161	122	135	147	42	35	135	23012	4688	1908	646	305	212	174	192	201	42	34	146	20554	4961	1666	458	183	145	141	146	158	34	37	174	19467	4870	1911	676	365	343	304	302	303	30	35
171	20256	4960	2279	955	504	402	354	345	354	27	30	168	19741	8105	5698	4400	3526	3097	3238	3244	3325	41	29	142	21563	4203	1477	470	207	153	150	150	161	44	30	153	18411	4231	1611	423	175	149	143	149	163	41	35	150	21691	5050	2134	720	259	156	136	130	158	34	37	143	22753	4694	1864	656	318	219	190	190	209	41	34	156	20418	4936	1687	460	192	139	148	165	148	44	30	188	19179	4889	1874	689	381	317	292	315	289	26	33
180	20580	4821	2344	977	518	409	368	352	358	26	25	150	19573	8126	5723	4517	3596	3149	3307	3402	3417	42	33	154	21762	4198	1535	463	186	144	146	159	178	45	31	152	18293	4238	1612	456	174	135	134	157	160	40	34	136	21398	5022	2133	707	278	176	135	139	160	48	31	140	22774	4625	1879	701	326	214	192	201	215	47	28	155	20500	4998	1699	455	191	149	149	153	171	34	35	186	19571	4933	1914	722	393	338	307	299	308	36	28
206	20279	4965	2298	1001	565	420	379	367	367	27	32	175	19688	8063	5778	4538	3739	3251	3477	3485	3413	46	28	159	21740	4109	1483	475	221	141	150	164	175	41	29	149	18382	4206	1588	460	173	142	139	143	159	42	32	148	21167	4951	2167	720	296	170	140	145	147	50	27	141	22681	4623	1906	683	357	221	187	207	213	40	33	152	20580	4925	1683	482	189	146	135	160	157	40	26	189	19372	4872	1908	712	405	319	328	315	310	32	30
181	20275	4813	2339	1015	560	430	408	371	384	32	29	174	19784	8145	5914	4664	3813	3398	3576	3655	3621	51	30	152	21634	4117	1560	492	204	153	151	167	175	42	33	137	18363	4212	1569	481	179	149	135	143	151	46	32	148	21375	4956	2184	745	281	170	148	157	152	40	25	136	22672	4608	1869	710	348	233	196	223	230	41	33	162	20423	4946	1675	472	194	152	151	158	161	43	33	179	19221	4936	1892	729	406	333	311	316	301	32	28
185	20499	4825	2407	1055	571	445	406	412	373	28	26	171	19867	8129	6046	4915	3906	3423	3638	3766	3812	41	30	155	21817	4145	1554	463	193	157	156	156	171	41	30	157	18446	4235	1598	469	184	142	134	161	156	40	29	152	21134	4903	2233	747	302	186	147	149	160	52	36	156	22345	4636	1923	725	366	223	215	229	223	38	35	155	20448	5044	1715	449	186	147	153	157	159	45	25	176	19342	4979	1924	715	403	350	318	315	303	24	37
178	20336	4838	2406	1092	602	457	444	418	424	31	32	182	19768	8351	6096	4901	4035	3525	3794	3877	3954	40	30	154	21933	4068	1541	483	222	159	153	173	175	52	34	155	18371	4206	1617	475	193	149	133	152	165	44	28	149	21083	4841	2294	760	304	197	158	144	157	38	28	147	22264	4616	1959	748	383	245	207	233	228	44	35	159	20383	5017	1726	465	184	159	145	167	175	43	28	184	19388	4886	1923	732	414	360	321	316	320	31	24
170	20439	4835	2463	1142	634	464	446	416	441	34	29	170	19908	8403	6349	5100	4050	3573	3889	4021	4069	45	31	150	22167	4130	1570	500	210	153	154	162	170	46	28	149	18570	4173	1598	464	180	150	139	151	157	43	31	155	20832	4983	2346	806	314	191	150	145	158	45	30	145	22194	4644	1977	795	384	243	205	233	224	41	33	150	20525	5021	1737	478	197	155	150	162	163	46	33	183	19212	4914	1947	734	418	372	332	335	339	31	32
187	20490	4933	2460	1184	651	478	442	475	438	30	32	166	19879	8544	6428	5046	4169	3828	4017	4147	4160	46	29	159	21787	4141	1528	483	217	155	168	171	181	43	29	166	18525	4203	1648	480	184	146	148	153	162	41	29	147	20922	4979	2398	860	316	197	155	150	152	45	32	152	22183	4575	2023	806	408	243	206	219	236	50	33	161	20252	5053	1732	479	200	155	150	164	163	44	29	190	19288	4901	1927	749	424	392	325	318	336	30	26
188	20516	4890	2550	1218	653	491	464	444	467	32	33	176	19736	8803	6652	5356	4329	3886	4154	4339	4275	46	30	163	21477	4077	1525	477	205	164	161	169	163	51	34	156	18415	4216	1618	488	191	148	146	146	159	46	33	157	20792	4995	2442	846	327	206	161	168	177	46	34	159	21964	4696	2067	826	433	260	230	227	233	45	33	166	20293	4946	1718	462	203	158	148	155	162	50	27	186	19428	4893	1989	740	435	359	340	334	325	34	32
193	20348	5058	2637	1248	698	507	479	448	465	30	25	178	19706	9081	6759	5474	4521	4015	4256	4375	4441	50	29	157	21658	4111	1579	486	218	157	158	171	172	50	28	160	18483	4184	1592	490	195	141	146	149	162	42	30	159	20325	5083	2464	892	345	214	164	161	177	48	30	156	21678	4768	2113	863	428	274	237	227	244	50	28	155	20101	4970	1710	507	194	153	155	161	171	47	32	179	19301	4827	1896	741	434	383	319	327	323	31	25
194	20264	5047	2718	1284	714	522	501	510	466	28	29	187	19972	9167	6935	5663	4485	4089	4392	4394	4529	44	30	163	21948	4098	1523	504	225	166	175	166	181	45	30	161	18438	4161	1619	480	181	153	140	157	166	51	29	160	20401	5167	2516	906	372	215	159	162	158	48	36	168	21732	4716	2173	890	444	260	233	241	242	44	33	167	19968	5094	1741	499	190	159	162	155	165	44	28	185	19354	4793	1904	751	445	381	340	331	325	30	30
195	20343	5191	2703	1338	740	536	476	502	521	29	31	181	19965	9413	7205	5630	4690	4153	4452	4588	4654	47	33	163	21666	4105	1533	507	221	173	163	183	182	48	30	173	18292	4178	1622	490	198	147	143	154	153	49	31	170	20412	5223	2597	939	374	218	184	161	163	52	34	158	21704	4845	2231	933	487	262	256	241	241	55	29	159	19844	5012	1733	471	198	151	162	166	170	51	26	188	19434	4807	1930	762	431	386	353	343	328	29	39
183	20242	5370	2766	1403	788	534	513	511	504	30	32	190	19814	9688	7251	5913	4736	4327	4581	4674	4710	42	32	170	21796	4072	1514	547	217	184	158	157	179	53	29	158	18364	4150	1617	487	206	163	150	152	162	51	34	155	20398	5281	2671	1013	409	232	184	166	168	52	35	155	21462	4892	2275	994	506	284	226	245	249	50	30	166	19757	4982	1711	482	188	158	157	170	161	49	27	207	19497	4877	1910	766	482	374	356	332	340	33	29
202	20240	5394	2866	1465	811	557	534	515	516	30	35	164	19945	9831	7498	5953	4889	4417	4655	4810	4863	44	29	166	21610	4106	1503	540	247	158	166	165	178	43	32	153	18194	4172	1617	505	217	152	145	143	159	45	31	155	20233	5531	2694	1038	414	242	175	164	174	50	32	159	21335	4991	2312	1031	529	276	249	252	254	49	21	180	19773	5002	1747	482	202	161	162	161	171	53	29	195	19196	4852	1887	793	457	403	357	332	359	28	31
193	20275	5493	2873	1522	858	595	523	547	556	27	25	180	20177	10273	7673	6143	4968	4469	4829	4891	4893	49	28	156	21537	4053	1565	549	251	173	175	169	180	48	35	178	18028	4252	1595	498	211	142	159	152	165	45	33	160	20158	5586	2846	1090	441	222	179	174	180	49	35	152	21472	5113	2433	1085	556	297	258	260	258	49	28	164	19814	5049	1744	493	203	161	159	167	180	45	37	192	19371	4886	1942	832	458	394	342	349	324	34	42
191	20193	5661	3064	1609	927	622	555	537	553	25	34	188	20113	10499	7837	6335	5177	4605	4868	4971	4968	56	26	173	21609	4064	1540	564	242	181	176	165	187	44	33	169	18061	4135	1596	511	221	158	156	160	156	52	29	172	20149	5691	2896	1138	461	239	178	169	177	51	30	160	21233	5219	2477	1122	544	292	263	259	257	58	27	177	19591	5076	1743	486	213	168	155	181	167	50	35	187	19524	4845	1980	880	513	394	351	352	353	32	26
192	20482	5737	3079	1713	929	632	543	587	540	27	24	190	19938	10623	8090	6631	5216	4685	4923	5056	5099	51	30	161	21311	3990	1546	601	256	173	168	179	181	49	31	162	18037	4128	1597	548	236	156	142	152	161	46	23	158	19902	5855	3032	1209	459	241	189	177	171	44	37	147	21451	5318	2524	1162	598	314	261	262	265	46	32	176	19417	4986	1732	505	204	165	167	160	168	47	25	190	19549	4827	1939	902	516	390	364	342	339	28	27
192	20249	5858	3175	1838	966	658	548	553	548	27	31	186	20290	10827	8227	6756	5435	4778	5050	5137	5153	49	28	173	21233	3974	1613	587	249	183	165	169	183	49	29	166	17826	4123	1592	557	237	160	147	157	162	55	28	165	19901	5892	3132	1241	463	263	189	184	173	56	31	166	21185	5448	2616	1236	608	330	279	265	274	46	34	169	19044	5030	1719	523	212	158	171	184	158	46	29	193	19742	4829	1977	919	549	421	371	357	346	36	27
190	19911	5978	3306	1892	973	638	579	597	559	28	21	188	20254	11168	8341	6905	5541	4846	5090	5226	5299	43	32	157	21387	3992	1553	637	291	169	165	174	177	50	31	171	17868	4089	1629	589	246	153	151	159	169	46	27	174	19809	6091	3253	1320	491	288	191	175	178	51	28	163	20994	5621	2697	1304	614	314	278	269	267	55	35	167	19229	4962	1696	574	222	170	167	178	178	49	28	192	19606	4783	2064	985	565	392	369	370	342	25	32
188	20082	6112	3448	1971	1004	677	585	601	604	28	27	185	20260	11390	8695	7104	5644	4987	5242	5299	5379	51	28	180	21185	4007	1633	673	281	181	170	175	175	56	34	157	17603	4173	1655	624	285	162	159	155	176	43	29	170	19759	6144	3332	1403	494	266	194	183	191	56	23	167	21121	5673	2842	1387	637	341	274	267	277	59	30	166	19049	5076	1703	570	218	161	166	180	175	47	26	186	19742	4737	2060	1041	600	422	364	351	347	32	30
195	20077	6280	3490	2065	1083	678	619	617	598	37	35	166	20383	11611	8882	7311	5802	5070	5247	5364	5495	56	22	173	21093	3981	1673	696	305	194	171	161	184	48	30	166	17570	4029	1633	640	295	165	159	164	166	46	31	159	19901	6284	3511	1469	510	262	199	195	180	54	31	174	20950	5907	2967	1468	662	344	272	277	282	51	33	157	18869	5052	1720	598	234	174	155	170	170	49	24	196	19991	4741	2122	1082	634	404	374	354	347	24	30
186	20042	6415	3675	2130	1072	693	635	623	627	29	28	192	20510	11902	9049	7479	5994	5161	5430	5522	5461	49	33	192	21105	4061	1668	729	317	173	178	172	180	52	31	168	17432	4100	1678	712	314	152	150	162	157	56	22	165	19537	6492	3660	1430	528	282	200	194	196	59	30	162	20860	5984	3066	1523	662	349	294	270	288	54	34	173	18987	4992	1730	632	240	170	163	173	172	53	35	184	19860	4753	2206	1149	639	399	382	376	360	37	36
185	19977	6632	3798	2215	1080	725	666	637	637	38	32	185	20246	12039	9374	7718	6138	5236	5458	5574	5694	54	28	172	21090	4045	1750	742	323	182	173	179	194	52	29	165	17428	4060	1723	739	335	164	159	154	167	47	28	175	19789	6641	3880	1500	506	287	204	187	196	48	32	173	20702	6190	3244	1563	674	359	301	298	300	49	29	172	18846	5051	1775	665	248	159	162	173	182	55	25	188	20085	4795	2248	1209	651	420	370	361	358	34	30
203	19881	6713	3974	2285	1123	728	650	662	643	36	31	185	20558	12342	9567	7902	6161	5269	5593	5705	5685	54	27	175	21121	4099	1826	784	323	191	179	180	191	54	29	170	17432	4032	1752	802	343	174	156	158	172	56	24	185	19558	6797	3979	1581	531	280	213	193	199	55	28	174	20876	6274	3360	1669	695	365	289	295	302	52	32	166	18627	4982	1801	701	275	183	156	176	174	53	29	186	20486	4860	2294	1295	697	419	372	361	358	33	27
188	19627	6803	4102	2327	1153	789	681	653	669	35	31	188	20984	12770	9704	8268	6355	5483	5647	5803	5751	61	34	180	21051	4191	1877	851	342	195	194	184	186	57	29	162	17293	4114	1795	816	357	165	160	165	171	49	29	169	19617	6933	4217	1607	544	269	200	199	190	55	35	174	20820	6515	3550	1712	693	356	309	289	313	52	28	175	18610	5042	1802	765	266	165	173	203	179	50	31	186	20383	4941	2388	1310	747	431	373	356	365	33	29
204	19796	7102	4245	2454	1137	747	691	678	674	30	37	187	21727	12900	10097	8506	6515	5548	5756	5836	5866	57	32	181	21112	4258	1948	891	347	193	174	177	193	59	36	168	17003	4079	1898	912	381	176	158	170	166	53	35	167	19452	7222	4412	1657	559	304	209	192	200	59	29	169	20954	6760	3695	1752	714	372	324	308	298	56	27	176	18657	5094	1842	813	294	170	178	176	175	46	30	190	20237	4916	2422	1388	731	455	368	363	363	26	30
197	19924	7316	4432	2515	1213	773	693	687	661	31	30	195	22591	13134	10430	8890	6752	5600	5900	5906	5898	62	32	185	21083	4275	2067	937	365	185	180	179	192	56	31	181	17193	4112	1928	961	391	170	164	176	155	56	34	168	19516	7440	4571	1707	585	289	221	199	187	50	33	176	20750	6730	3860	1844	748	386	315	313	294	59	33	172	18450	5016	1844	887	311	173	169	176	192	55	31	191	20698	4978	2611	1448	765	455	407	372	350	23	25
190	20240	7507	4664	2535	1196	771	713	708	669	31	34	186	23718	13697	10604	9067	7008	5712	5854	5980	6007	54	29	180	20772	4404	2222	958	397	194	170	184	190	59	29	175	17162	4190	2044	990	444	177	156	164	177	54	35	177	19485	7670	4797	1732	576	281	213	191	196	54	36	171	20938	6936	4044	1942	744	370	299	312	299	57	35	170	18597	5025	1956	933	343	174	169	183	178	46	29	202	20699	5150	2682	1527	803	452	408	378	360	26	27
207	20332	7687	4805	2588	1219	788	714	702	689	26	30	195	24937	14056	11005	9283	7250	5820	6058	6032	6056	54	32	175	20984	4465	2262	1034	387	216	183	175	178	58	27	156	16885	4188	2101	1059	444	177	158	179	168	51	32	174	19521	7931	4933	1759	605	305	206	208	197	56	28	176	21319	7117	4278	1927	761	366	298	316	307	57	28	169	18375	4963	2017	995	351	171	171	166	188	55	31	207	20861	5183	2815	1583	837	468	398	386	376	29	30
