0.098	0.098	0.096	0.096	0.096	0.098	0.097	0.097	0.096	0.097	0.078	0.077	0.099	0.098	0.098	0.096	0.096	0.098	0.098	0.098	0.097	0.098	0.091	0.077	0.096	0.097	0.098	0.095	0.095	0.096	0.096	0.097	0.097	0.097	0.091	0.078	0.098	0.097	0.099	0.1	0.098	0.096	0.097	0.098	0.096	0.097	0.09	0.079	0.102	0.098	0.098	0.1	0.1	0.097	0.098	0.099	0.099	0.1	0.091	0.079	0.098	0.095	0.094	0.093	0.095	0.095	0.095	0.095	0.096	0.094	0.091	0.078	0.097	0.101	0.101	0.101	0.104	0.103	0.102	0.103	0.103	0.102	0.089	0.078	0.098	0.098	0.097	0.099	0.1	0.099	0.101	0.099	0.099	0.098	0.077	0.077
0.101	0.101	0.099	0.1	0.099	0.1	0.1	0.1	0.099	0.1	0.078	0.078	0.102	0.101	0.101	0.098	0.098	0.099	0.1	0.1	0.099	0.1	0.092	0.078	0.099	0.1	0.101	0.098	0.098	0.099	0.099	0.1	0.099	0.1	0.092	0.079	0.101	0.1	0.101	0.104	0.101	0.098	0.101	0.1	0.099	0.1	0.092	0.08	0.105	0.102	0.101	0.103	0.102	0.1	0.101	0.102	0.101	0.102	0.093	0.078	0.101	0.098	0.096	0.095	0.097	0.097	0.098	0.096	0.097	0.096	0.093	0.079	0.099	0.105	0.105	0.105	0.109	0.107	0.107	0.107	0.107	0.106	0.091	0.078	0.101	0.1	0.1	0.102	0.103	0.103	0.103	0.102	0.102	0.101	0.077	0.077
0.103	0.104	0.102	0.102	0.102	0.103	0.104	0.103	0.102	0.103	0.079	0.077	0.105	0.103	0.103	0.101	0.101	0.103	0.103	0.103	0.101	0.103	0.094	0.077	0.102	0.103	0.105	0.101	0.101	0.103	0.102	0.103	0.103	0.103	0.094	0.079	0.105	0.103	0.104	0.107	0.104	0.101	0.103	0.104	0.102	0.103	0.094	0.08	0.108	0.105	0.105	0.106	0.106	0.103	0.105	0.106	0.106	0.106	0.095	0.079	0.105	0.101	0.1	0.098	0.099	0.099	0.099	0.099	0.1	0.098	0.094	0.078	0.104	0.111	0.112	0.112	0.114	0.113	0.113	0.114	0.113	0.112	0.093	0.078	0.104	0.105	0.104	0.106	0.107	0.108	0.108	0.107	0.106	0.105	0.077	0.077
0.108	0.108	0.106	0.107	0.106	0.107	0.108	0.107	0.106	0.107	0.079	0.077	0.11	0.107	0.107	0.104	0.105	0.106	0.107	0.107	0.105	0.107	0.098	0.077	0.105	0.107	0.109	0.106	0.106	0.106	0.106	0.108	0.108	0.107	0.098	0.078	0.11	0.107	0.109	0.111	0.108	0.105	0.107	0.108	0.106	0.107	0.098	0.079	0.112	0.11	0.109	0.11	0.11	0.107	0.109	0.11	0.11	0.111	0.098	0.079	0.11	0.103	0.102	0.101	0.103	0.102	0.103	0.102	0.103	0.101	0.099	0.078	0.108	0.118	0.119	0.119	0.122	0.12	0.121	0.121	0.121	0.121	0.097	0.079	0.109	0.111	0.11	0.113	0.113	0.114	0.115	0.113	0.112	0.111	0.077	0.077
0.123	0.114	0.112	0.112	0.112	0.114	0.114	0.113	0.112	0.113	0.078	0.076	0.115	0.112	0.111	0.109	0.109	0.111	0.111	0.111	0.11	0.111	0.101	0.078	0.111	0.112	0.114	0.11	0.11	0.111	0.111	0.112	0.113	0.112	0.101	0.078	0.116	0.112	0.114	0.116	0.113	0.11	0.112	0.113	0.112	0.112	0.101	0.079	0.118	0.115	0.115	0.116	0.116	0.112	0.115	0.115	0.116	0.116	0.102	0.079	0.115	0.107	0.106	0.104	0.107	0.106	0.107	0.107	0.107	0.105	0.101	0.079	0.114	0.127	0.128	0.129	0.132	0.13	0.131	0.129	0.13	0.131	0.1	0.078	0.115	0.117	0.118	0.12	0.12	0.12	0.121	0.12	0.12	0.119	0.077	0.077
0.131	0.12	0.119	0.119	0.118	0.119	0.12	0.119	0.118	0.119	0.078	0.077	0.122	0.117	0.116	0.114	0.114	0.116	0.116	0.116	0.114	0.116	0.106	0.077	0.115	0.118	0.12	0.116	0.116	0.117	0.117	0.117	0.118	0.118	0.106	0.079	0.122	0.117	0.12	0.122	0.119	0.116	0.118	0.119	0.118	0.119	0.106	0.079	0.123	0.121	0.121	0.122	0.122	0.118	0.121	0.122	0.122	0.123	0.107	0.079	0.123	0.111	0.111	0.109	0.111	0.11	0.111	0.11	0.111	0.11	0.106	0.079	0.12	0.136	0.139	0.139	0.143	0.142	0.141	0.14	0.142	0.142	0.105	0.079	0.12	0.124	0.126	0.128	0.128	0.127	0.128	0.127	0.128	0.127	0.076	0.078
0.134	0.126	0.126	0.126	0.126	0.127	0.127	0.127	0.126	0.126	0.078	0.078	0.129	0.122	0.123	0.12	0.12	0.122	0.122	0.122	0.12	0.122	0.112	0.077	0.121	0.123	0.126	0.123	0.122	0.123	0.123	0.125	0.124	0.124	0.111	0.078	0.129	0.124	0.128	0.129	0.127	0.124	0.126	0.127	0.126	0.126	0.112	0.08	0.13	0.127	0.129	0.13	0.13	0.126	0.129	0.129	0.13	0.13	0.112	0.08	0.131	0.117	0.117	0.114	0.116	0.115	0.116	0.116	0.117	0.115	0.112	0.079	0.127	0.147	0.153	0.152	0.155	0.153	0.154	0.156	0.155	0.157	0.111	0.079	0.127	0.132	0.135	0.137	0.137	0.137	0.138	0.137	0.139	0.138	0.077	0.078
0.142	0.133	0.134	0.134	0.134	0.135	0.135	0.135	0.134	0.135	0.078	0.077	0.136	0.129	0.129	0.127	0.127	0.129	0.13	0.129	0.127	0.129	0.117	0.077	0.129	0.13	0.134	0.131	0.13	0.131	0.131	0.132	0.132	0.131	0.116	0.078	0.137	0.131	0.137	0.139	0.136	0.133	0.136	0.137	0.134	0.135	0.117	0.08	0.139	0.135	0.138	0.139	0.139	0.135	0.138	0.139	0.139	0.139	0.117	0.079	0.14	0.122	0.123	0.12	0.122	0.121	0.122	0.122	0.122	0.12	0.117	0.079	0.135	0.157	0.167	0.17	0.172	0.17	0.172	0.17	0.172	0.175	0.116	0.079	0.137	0.141	0.149	0.15	0.148	0.147	0.149	0.15	0.151	0.15	0.077	0.078
0.153	0.14	0.143	0.144	0.144	0.145	0.146	0.146	0.145	0.145	0.078	0.078	0.145	0.136	0.138	0.135	0.136	0.137	0.138	0.138	0.136	0.138	0.123	0.077	0.138	0.138	0.144	0.14	0.139	0.14	0.14	0.141	0.141	0.139	0.123	0.078	0.146	0.14	0.149	0.151	0.148	0.144	0.148	0.148	0.146	0.146	0.124	0.08	0.149	0.144	0.15	0.151	0.15	0.145	0.15	0.15	0.15	0.15	0.124	0.079	0.151	0.128	0.13	0.128	0.129	0.129	0.13	0.129	0.13	0.127	0.124	0.078	0.144	0.169	0.185	0.189	0.192	0.189	0.191	0.19	0.192	0.191	0.122	0.079	0.146	0.149	0.16	0.162	0.16	0.159	0.16	0.16	0.163	0.162	0.078	0.078
0.162	0.152	0.157	0.157	0.155	0.157	0.158	0.155	0.156	0.156	0.077	0.078	0.157	0.144	0.147	0.145	0.144	0.146	0.148	0.149	0.145	0.147	0.13	0.078	0.148	0.146	0.155	0.151	0.149	0.15	0.151	0.151	0.15	0.15	0.13	0.078	0.156	0.153	0.166	0.167	0.163	0.159	0.164	0.162	0.16	0.16	0.132	0.079	0.161	0.156	0.168	0.17	0.167	0.159	0.164	0.165	0.165	0.165	0.132	0.079	0.165	0.135	0.139	0.137	0.139	0.138	0.14	0.139	0.138	0.136	0.132	0.079	0.153	0.185	0.207	0.214	0.216	0.214	0.213	0.214	0.218	0.214	0.131	0.079	0.16	0.161	0.176	0.178	0.177	0.175	0.174	0.174	0.176	0.174	0.078	0.078
0.176	0.162	0.173	0.175	0.178	0.177	0.178	0.177	0.176	0.175	0.077	0.077	0.17	0.153	0.158	0.155	0.158	0.161	0.162	0.162	0.16	0.162	0.139	0.078	0.162	0.157	0.17	0.163	0.162	0.165	0.165	0.166	0.164	0.163	0.139	0.079	0.169	0.166	0.185	0.185	0.182	0.176	0.183	0.181	0.178	0.177	0.14	0.08	0.176	0.173	0.186	0.185	0.182	0.175	0.179	0.182	0.181	0.18	0.141	0.079	0.18	0.143	0.151	0.149	0.15	0.148	0.148	0.15	0.15	0.146	0.141	0.078	0.166	0.206	0.236	0.238	0.237	0.234	0.234	0.236	0.242	0.241	0.141	0.078	0.173	0.176	0.194	0.196	0.192	0.188	0.189	0.189	0.192	0.188	0.077	0.077
0.196	0.178	0.197	0.197	0.192	0.192	0.19	0.19	0.189	0.19	0.078	0.077	0.189	0.165	0.172	0.17	0.171	0.172	0.173	0.172	0.173	0.174	0.151	0.077	0.178	0.168	0.185	0.179	0.177	0.176	0.176	0.177	0.177	0.176	0.149	0.079	0.184	0.182	0.205	0.206	0.202	0.198	0.203	0.203	0.2	0.198	0.151	0.08	0.19	0.186	0.202	0.201	0.198	0.192	0.194	0.198	0.199	0.197	0.151	0.08	0.198	0.152	0.164	0.162	0.162	0.157	0.158	0.16	0.161	0.158	0.151	0.079	0.18	0.227	0.264	0.261	0.259	0.256	0.258	0.259	0.263	0.265	0.151	0.079	0.19	0.188	0.213	0.215	0.209	0.204	0.206	0.205	0.207	0.203	0.077	0.078
0.214	0.198	0.225	0.223	0.212	0.212	0.207	0.207	0.207	0.206	0.077	0.077	0.213	0.178	0.189	0.187	0.184	0.185	0.186	0.186	0.187	0.187	0.162	0.078	0.196	0.179	0.201	0.198	0.196	0.19	0.189	0.191	0.193	0.19	0.16	0.078	0.199	0.198	0.225	0.226	0.223	0.218	0.221	0.223	0.223	0.221	0.161	0.08	0.205	0.201	0.221	0.22	0.217	0.209	0.211	0.215	0.217	0.215	0.161	0.079	0.22	0.162	0.181	0.176	0.174	0.169	0.17	0.173	0.173	0.171	0.162	0.078	0.194	0.246	0.288	0.284	0.285	0.282	0.284	0.285	0.287	0.29	0.161	0.079	0.21	0.201	0.232	0.234	0.227	0.222	0.223	0.223	0.225	0.223	0.077	0.077
0.238	0.22	0.248	0.247	0.234	0.232	0.225	0.227	0.228	0.227	0.077	0.076	0.232	0.192	0.209	0.204	0.2	0.199	0.2	0.2	0.203	0.203	0.174	0.077	0.219	0.193	0.225	0.219	0.212	0.206	0.205	0.206	0.208	0.207	0.171	0.079	0.216	0.214	0.246	0.248	0.243	0.239	0.242	0.242	0.241	0.239	0.173	0.08	0.223	0.216	0.241	0.24	0.235	0.227	0.23	0.231	0.234	0.234	0.173	0.079	0.239	0.173	0.2	0.193	0.189	0.183	0.184	0.185	0.187	0.184	0.173	0.078	0.211	0.267	0.317	0.319	0.321	0.317	0.32	0.32	0.32	0.322	0.173	0.079	0.235	0.216	0.254	0.256	0.25	0.244	0.245	0.243	0.245	0.242	0.078	0.078
0.265	0.227	0.271	0.27	0.257	0.253	0.249	0.252	0.251	0.249	0.077	0.076	0.249	0.203	0.226	0.222	0.217	0.215	0.216	0.215	0.218	0.219	0.186	0.077	0.244	0.206	0.247	0.242	0.236	0.224	0.224	0.224	0.227	0.224	0.184	0.079	0.233	0.232	0.273	0.276	0.27	0.263	0.268	0.266	0.265	0.264	0.185	0.081	0.245	0.232	0.263	0.265	0.258	0.249	0.252	0.253	0.254	0.255	0.187	0.079	0.263	0.186	0.221	0.213	0.207	0.201	0.202	0.203	0.203	0.2	0.187	0.078	0.229	0.288	0.345	0.35	0.351	0.349	0.353	0.354	0.359	0.357	0.188	0.079	0.262	0.234	0.283	0.285	0.278	0.271	0.271	0.268	0.27	0.268	0.078	0.078
0.291	0.245	0.298	0.295	0.278	0.276	0.272	0.275	0.274	0.272	0.077	0.078	0.274	0.221	0.25	0.246	0.238	0.235	0.234	0.232	0.236	0.237	0.203	0.077	0.269	0.224	0.274	0.27	0.259	0.247	0.247	0.246	0.249	0.248	0.2	0.079	0.257	0.251	0.302	0.306	0.302	0.292	0.297	0.297	0.295	0.294	0.201	0.08	0.272	0.25	0.289	0.293	0.285	0.275	0.277	0.278	0.28	0.279	0.203	0.08	0.294	0.203	0.24	0.232	0.229	0.223	0.223	0.225	0.223	0.219	0.204	0.079	0.251	0.312	0.369	0.376	0.378	0.374	0.381	0.381	0.383	0.383	0.205	0.079	0.287	0.253	0.314	0.315	0.307	0.298	0.298	0.294	0.297	0.293	0.078	0.078
0.316	0.265	0.321	0.318	0.298	0.296	0.295	0.298	0.299	0.298	0.078	0.077	0.296	0.237	0.271	0.267	0.259	0.257	0.257	0.256	0.258	0.259	0.22	0.077	0.289	0.244	0.302	0.293	0.286	0.274	0.272	0.272	0.274	0.273	0.216	0.078	0.282	0.27	0.332	0.337	0.332	0.326	0.333	0.328	0.326	0.326	0.217	0.079	0.297	0.27	0.313	0.319	0.312	0.303	0.304	0.306	0.308	0.307	0.22	0.08	0.319	0.218	0.259	0.255	0.252	0.245	0.244	0.246	0.246	0.24	0.222	0.079	0.274	0.325	0.397	0.403	0.404	0.4	0.406	0.406	0.407	0.406	0.223	0.079	0.318	0.276	0.342	0.343	0.33	0.319	0.32	0.319	0.318	0.315	0.077	0.078
0.338	0.291	0.335	0.333	0.314	0.314	0.314	0.315	0.317	0.316	0.077	0.077	0.316	0.254	0.292	0.286	0.276	0.275	0.277	0.276	0.277	0.278	0.237	0.078	0.312	0.264	0.32	0.314	0.305	0.292	0.289	0.291	0.293	0.295	0.235	0.078	0.305	0.289	0.351	0.359	0.355	0.348	0.356	0.353	0.351	0.352	0.236	0.08	0.306	0.288	0.329	0.342	0.336	0.326	0.332	0.333	0.334	0.333	0.239	0.08	0.336	0.231	0.285	0.279	0.271	0.263	0.263	0.264	0.264	0.261	0.242	0.079	0.298	0.34	0.405	0.412	0.416	0.415	0.426	0.426	0.428	0.425	0.245	0.079	0.341	0.299	0.364	0.366	0.358	0.35	0.351	0.348	0.347	0.343	0.077	0.078
0.349	0.306	0.351	0.35	0.335	0.333	0.334	0.337	0.339	0.339	0.078	0.078	0.332	0.274	0.311	0.306	0.297	0.296	0.3	0.301	0.303	0.304	0.261	0.077	0.327	0.283	0.339	0.332	0.322	0.313	0.31	0.314	0.317	0.319	0.257	0.078	0.325	0.309	0.367	0.374	0.373	0.367	0.379	0.376	0.375	0.378	0.26	0.079	0.312	0.299	0.347	0.365	0.356	0.344	0.349	0.352	0.358	0.358	0.262	0.079	0.353	0.251	0.307	0.304	0.297	0.291	0.291	0.291	0.288	0.283	0.265	0.079	0.319	0.362	0.416	0.428	0.43	0.426	0.434	0.436	0.436	0.434	0.271	0.079	0.362	0.309	0.386	0.39	0.379	0.371	0.375	0.373	0.373	0.369	0.077	0.078
0.362	0.319	0.361	0.36	0.345	0.348	0.35	0.351	0.354	0.356	0.077	0.078	0.347	0.284	0.325	0.32	0.311	0.311	0.316	0.318	0.32	0.321	0.28	0.077	0.341	0.298	0.354	0.348	0.339	0.329	0.326	0.329	0.333	0.336	0.276	0.078	0.348	0.322	0.371	0.378	0.377	0.375	0.387	0.388	0.386	0.388	0.278	0.08	0.322	0.309	0.357	0.375	0.37	0.36	0.364	0.369	0.373	0.374	0.281	0.079	0.357	0.269	0.32	0.32	0.316	0.315	0.316	0.314	0.31	0.303	0.285	0.079	0.339	0.368	0.436	0.448	0.45	0.446	0.454	0.455	0.456	0.455	0.292	0.078	0.369	0.324	0.411	0.414	0.401	0.391	0.392	0.391	0.392	0.389	0.077	0.078
0.368	0.332	0.365	0.365	0.35	0.351	0.357	0.361	0.366	0.366	0.078	0.079	0.362	0.295	0.341	0.335	0.327	0.327	0.333	0.336	0.337	0.338	0.301	0.079	0.348	0.312	0.359	0.353	0.348	0.345	0.342	0.345	0.348	0.349	0.296	0.079	0.363	0.332	0.377	0.385	0.385	0.382	0.393	0.392	0.391	0.392	0.3	0.08	0.334	0.323	0.361	0.38	0.374	0.368	0.378	0.384	0.389	0.391	0.301	0.079	0.364	0.284	0.339	0.34	0.334	0.332	0.333	0.332	0.329	0.324	0.305	0.078	0.355	0.373	0.461	0.472	0.474	0.469	0.477	0.479	0.478	0.477	0.309	0.078	0.375	0.338	0.418	0.421	0.414	0.411	0.41	0.409	0.41	0.407	0.077	0.078
0.375	0.335	0.374	0.377	0.363	0.361	0.363	0.367	0.37	0.371	0.077	0.078	0.374	0.307	0.346	0.342	0.338	0.343	0.349	0.351	0.349	0.351	0.314	0.077	0.353	0.327	0.364	0.361	0.353	0.352	0.355	0.36	0.362	0.362	0.312	0.078	0.373	0.336	0.395	0.407	0.406	0.398	0.409	0.407	0.404	0.408	0.315	0.079	0.351	0.328	0.37	0.395	0.389	0.376	0.383	0.386	0.393	0.394	0.316	0.079	0.38	0.295	0.351	0.355	0.354	0.349	0.35	0.35	0.347	0.341	0.322	0.079	0.363	0.383	0.49	0.501	0.501	0.495	0.503	0.505	0.505	0.502	0.328	0.078	0.389	0.355	0.435	0.441	0.427	0.422	0.431	0.427	0.425	0.42	0.078	0.078
0.387	0.337	0.391	0.396	0.381	0.38	0.379	0.38	0.382	0.386	0.077	0.078	0.38	0.317	0.351	0.346	0.34	0.345	0.356	0.36	0.356	0.361	0.329	0.079	0.364	0.331	0.378	0.376	0.366	0.358	0.36	0.363	0.367	0.37	0.326	0.078	0.379	0.341	0.424	0.435	0.435	0.425	0.437	0.432	0.43	0.435	0.331	0.08	0.369	0.329	0.392	0.419	0.411	0.397	0.4	0.401	0.407	0.407	0.335	0.079	0.399	0.308	0.355	0.358	0.359	0.364	0.371	0.37	0.367	0.361	0.341	0.08	0.371	0.402	0.52	0.53	0.531	0.524	0.535	0.536	0.536	0.532	0.35	0.079	0.411	0.359	0.456	0.461	0.445	0.436	0.44	0.435	0.436	0.433	0.077	0.078
0.409	0.345	0.411	0.416	0.404	0.401	0.403	0.405	0.407	0.409	0.077	0.077	0.394	0.322	0.36	0.356	0.348	0.352	0.362	0.365	0.361	0.365	0.349	0.078	0.384	0.336	0.396	0.393	0.386	0.377	0.374	0.376	0.377	0.377	0.346	0.079	0.394	0.352	0.45	0.463	0.463	0.454	0.469	0.461	0.458	0.465	0.351	0.08	0.392	0.333	0.412	0.438	0.433	0.417	0.423	0.424	0.429	0.429	0.354	0.079	0.425	0.326	0.365	0.37	0.37	0.37	0.38	0.381	0.379	0.375	0.361	0.079	0.389	0.422	0.549	0.562	0.56	0.552	0.562	0.561	0.563	0.561	0.358	0.079	0.442	0.366	0.488	0.495	0.475	0.462	0.465	0.458	0.457	0.454	0.077	0.078
0.434	0.357	0.434	0.442	0.432	0.427	0.425	0.426	0.427	0.429	0.077	0.077	0.415	0.326	0.378	0.376	0.366	0.366	0.375	0.378	0.373	0.375	0.37	0.078	0.409	0.342	0.415	0.415	0.407	0.396	0.393	0.392	0.393	0.394	0.365	0.079	0.406	0.368	0.483	0.5	0.5	0.492	0.508	0.499	0.495	0.502	0.372	0.08	0.417	0.344	0.434	0.466	0.46	0.443	0.446	0.444	0.449	0.45	0.374	0.08	0.452	0.329	0.384	0.395	0.393	0.385	0.388	0.388	0.387	0.382	0.378	0.079	0.404	0.439	0.579	0.589	0.588	0.582	0.59	0.592	0.594	0.593	0.372	0.078	0.47	0.379	0.525	0.537	0.513	0.491	0.493	0.483	0.48	0.475	0.078	0.078
0.459	0.378	0.463	0.472	0.46	0.457	0.45	0.45	0.45	0.452	0.077	0.078	0.436	0.335	0.396	0.392	0.387	0.385	0.394	0.396	0.39	0.393	0.38	0.078	0.433	0.353	0.434	0.437	0.429	0.416	0.409	0.409	0.41	0.412	0.375	0.078	0.418	0.389	0.51	0.526	0.529	0.525	0.538	0.529	0.528	0.535	0.382	0.08	0.442	0.361	0.461	0.494	0.49	0.472	0.474	0.471	0.473	0.472	0.382	0.08	0.481	0.337	0.408	0.418	0.413	0.407	0.406	0.403	0.4	0.395	0.386	0.079	0.417	0.463	0.606	0.619	0.617	0.611	0.621	0.622	0.625	0.625	0.392	0.079	0.507	0.406	0.555	0.571	0.553	0.531	0.527	0.521	0.518	0.507	0.077	0.078
0.481	0.394	0.489	0.501	0.49	0.488	0.478	0.476	0.475	0.479	0.078	0.078	0.453	0.347	0.41	0.409	0.404	0.404	0.413	0.416	0.409	0.412	0.395	0.077	0.456	0.369	0.457	0.464	0.454	0.439	0.43	0.428	0.428	0.429	0.392	0.079	0.437	0.412	0.536	0.559	0.563	0.556	0.571	0.562	0.557	0.566	0.4	0.079	0.47	0.38	0.49	0.521	0.519	0.502	0.503	0.498	0.498	0.497	0.401	0.079	0.506	0.345	0.427	0.438	0.434	0.424	0.426	0.423	0.419	0.413	0.407	0.079	0.432	0.484	0.63	0.643	0.642	0.638	0.649	0.649	0.654	0.653	0.41	0.078	0.537	0.437	0.574	0.595	0.575	0.56	0.56	0.558	0.556	0.541	0.078	0.077
0.511	0.412	0.513	0.526	0.519	0.518	0.509	0.507	0.507	0.511	0.078	0.077	0.481	0.363	0.43	0.433	0.426	0.423	0.43	0.432	0.427	0.428	0.415	0.078	0.488	0.385	0.484	0.492	0.484	0.464	0.451	0.447	0.446	0.446	0.41	0.078	0.457	0.434	0.565	0.589	0.592	0.587	0.603	0.594	0.588	0.597	0.416	0.08	0.496	0.398	0.512	0.547	0.544	0.529	0.531	0.529	0.53	0.529	0.417	0.079	0.53	0.36	0.45	0.466	0.462	0.449	0.449	0.445	0.441	0.433	0.423	0.079	0.452	0.501	0.649	0.664	0.667	0.663	0.671	0.674	0.677	0.677	0.429	0.079	0.563	0.461	0.597	0.618	0.601	0.585	0.583	0.579	0.573	0.563	0.078	0.078
0.533	0.422	0.536	0.548	0.542	0.542	0.535	0.532	0.533	0.536	0.077	0.078	0.507	0.379	0.453	0.457	0.453	0.447	0.453	0.454	0.446	0.448	0.428	0.078	0.509	0.399	0.504	0.514	0.508	0.493	0.477	0.469	0.466	0.466	0.425	0.079	0.479	0.452	0.591	0.615	0.619	0.619	0.632	0.623	0.617	0.626	0.433	0.079	0.516	0.417	0.537	0.574	0.571	0.556	0.558	0.553	0.554	0.554	0.435	0.079	0.557	0.377	0.48	0.5	0.496	0.475	0.471	0.465	0.459	0.45	0.442	0.079	0.474	0.524	0.67	0.686	0.687	0.682	0.693	0.694	0.697	0.694	0.452	0.078	0.589	0.475	0.615	0.637	0.625	0.611	0.606	0.598	0.597	0.583	0.078	0.078
0.557	0.443	0.56	0.572	0.569	0.569	0.561	0.559	0.561	0.566	0.078	0.078	0.531	0.396	0.477	0.484	0.484	0.476	0.48	0.48	0.467	0.47	0.445	0.078	0.531	0.411	0.526	0.537	0.53	0.517	0.503	0.497	0.491	0.49	0.442	0.079	0.502	0.47	0.613	0.637	0.647	0.646	0.657	0.648	0.646	0.65	0.452	0.08	0.538	0.431	0.563	0.602	0.6	0.585	0.584	0.579	0.581	0.584	0.454	0.079	0.584	0.395	0.511	0.534	0.531	0.518	0.511	0.501	0.488	0.475	0.463	0.079	0.493	0.543	0.689	0.699	0.699	0.694	0.705	0.706	0.709	0.708	0.475	0.078	0.611	0.496	0.639	0.66	0.649	0.636	0.628	0.627	0.626	0.612	0.078	0.078
0.583	0.464	0.58	0.594	0.592	0.592	0.589	0.588	0.588	0.597	0.077	0.078	0.551	0.412	0.498	0.505	0.511	0.506	0.51	0.508	0.495	0.5	0.465	0.078	0.554	0.425	0.549	0.561	0.555	0.542	0.527	0.518	0.513	0.508	0.465	0.078	0.521	0.491	0.633	0.658	0.663	0.662	0.676	0.668	0.664	0.666	0.474	0.079	0.564	0.447	0.584	0.62	0.62	0.607	0.606	0.604	0.61	0.611	0.477	0.08	0.613	0.416	0.533	0.555	0.555	0.538	0.536	0.529	0.518	0.507	0.486	0.079	0.512	0.561	0.704	0.71	0.711	0.706	0.713	0.715	0.718	0.717	0.498	0.079	0.634	0.512	0.659	0.677	0.665	0.657	0.648	0.641	0.641	0.626	0.078	0.078
0.6	0.482	0.6	0.614	0.615	0.616	0.615	0.616	0.618	0.625	0.078	0.078	0.569	0.424	0.523	0.532	0.538	0.533	0.538	0.534	0.518	0.525	0.492	0.077	0.576	0.439	0.572	0.585	0.581	0.568	0.553	0.543	0.533	0.529	0.492	0.079	0.54	0.509	0.652	0.675	0.68	0.68	0.691	0.686	0.683	0.682	0.503	0.08	0.586	0.462	0.604	0.639	0.643	0.628	0.629	0.628	0.634	0.634	0.506	0.079	0.638	0.439	0.56	0.589	0.592	0.576	0.569	0.56	0.552	0.536	0.513	0.079	0.533	0.579	0.714	0.723	0.723	0.718	0.724	0.725	0.73	0.728	0.521	0.079	0.649	0.521	0.668	0.692	0.684	0.671	0.661	0.66	0.66	0.644	0.078	0.078
0.621	0.495	0.616	0.629	0.632	0.633	0.636	0.636	0.637	0.639	0.078	0.078	0.587	0.442	0.544	0.556	0.563	0.558	0.561	0.558	0.544	0.551	0.519	0.077	0.596	0.456	0.592	0.606	0.604	0.595	0.577	0.569	0.557	0.553	0.516	0.079	0.566	0.526	0.67	0.692	0.696	0.691	0.701	0.695	0.693	0.691	0.529	0.08	0.606	0.478	0.62	0.658	0.66	0.645	0.647	0.645	0.65	0.649	0.528	0.079	0.662	0.462	0.584	0.612	0.615	0.596	0.589	0.579	0.572	0.554	0.539	0.079	0.561	0.598	0.728	0.737	0.739	0.731	0.737	0.74	0.743	0.738	0.545	0.079	0.667	0.532	0.686	0.704	0.693	0.681	0.674	0.671	0.667	0.651	0.078	0.078
0.636	0.508	0.628	0.645	0.646	0.643	0.648	0.648	0.65	0.653	0.077	0.077	0.598	0.456	0.563	0.576	0.581	0.581	0.586	0.581	0.567	0.574	0.548	0.077	0.613	0.472	0.612	0.625	0.623	0.613	0.597	0.59	0.581	0.578	0.544	0.079	0.587	0.538	0.684	0.709	0.709	0.706	0.715	0.712	0.709	0.704	0.557	0.08	0.623	0.494	0.635	0.67	0.672	0.658	0.658	0.656	0.658	0.658	0.554	0.079	0.671	0.473	0.601	0.627	0.633	0.619	0.613	0.602	0.595	0.583	0.571	0.079	0.582	0.612	0.736	0.744	0.745	0.741	0.745	0.747	0.749	0.746	0.574	0.078	0.678	0.544	0.691	0.708	0.699	0.686	0.683	0.676	0.674	0.661	0.077	0.078
0.645	0.52	0.64	0.659	0.662	0.654	0.666	0.665	0.667	0.667	0.077	0.078	0.61	0.471	0.583	0.598	0.607	0.608	0.614	0.606	0.594	0.6	0.58	0.077	0.631	0.489	0.628	0.64	0.64	0.632	0.617	0.608	0.602	0.597	0.573	0.079	0.606	0.553	0.697	0.718	0.722	0.72	0.728	0.72	0.717	0.714	0.588	0.08	0.642	0.51	0.653	0.683	0.682	0.667	0.665	0.663	0.668	0.668	0.585	0.079	0.689	0.489	0.621	0.641	0.648	0.636	0.634	0.62	0.617	0.605	0.604	0.079	0.601	0.627	0.749	0.757	0.759	0.751	0.755	0.757	0.759	0.754	0.602	0.079	0.688	0.558	0.71	0.726	0.712	0.695	0.69	0.687	0.679	0.658	0.078	0.078
0.658	0.533	0.648	0.664	0.672	0.661	0.675	0.671	0.673	0.669	0.077	0.077	0.617	0.485	0.601	0.618	0.623	0.619	0.624	0.618	0.61	0.612	0.6	0.077	0.642	0.505	0.643	0.661	0.661	0.652	0.641	0.629	0.624	0.616	0.597	0.079	0.62	0.57	0.712	0.734	0.733	0.729	0.739	0.731	0.726	0.722	0.611	0.08	0.654	0.524	0.668	0.694	0.692	0.678	0.676	0.67	0.674	0.674	0.609	0.08	0.698	0.502	0.635	0.66	0.665	0.649	0.644	0.631	0.632	0.618	0.622	0.08	0.617	0.643	0.758	0.764	0.769	0.762	0.765	0.768	0.768	0.764	0.633	0.079	0.693	0.57	0.714	0.731	0.716	0.702	0.699	0.692	0.686	0.668	0.078	0.078
0.673	0.548	0.665	0.677	0.684	0.673	0.684	0.677	0.679	0.676	0.077	0.077	0.63	0.502	0.618	0.635	0.64	0.638	0.643	0.637	0.63	0.631	0.628	0.078	0.658	0.523	0.659	0.675	0.675	0.665	0.656	0.641	0.637	0.63	0.616	0.08	0.634	0.583	0.724	0.742	0.743	0.741	0.747	0.743	0.74	0.738	0.631	0.08	0.666	0.536	0.68	0.705	0.701	0.686	0.688	0.679	0.68	0.675	0.631	0.08	0.707	0.514	0.65	0.671	0.676	0.659	0.655	0.644	0.643	0.626	0.646	0.08	0.633	0.653	0.768	0.774	0.777	0.769	0.772	0.772	0.776	0.773	0.665	0.08	0.704	0.585	0.717	0.732	0.725	0.706	0.695	0.69	0.684	0.667	0.078	0.078
0.685	0.566	0.683	0.694	0.694	0.686	0.698	0.693	0.692	0.687	0.077	0.077	0.635	0.516	0.629	0.644	0.648	0.649	0.649	0.639	0.632	0.634	0.649	0.078	0.669	0.54	0.673	0.684	0.683	0.673	0.665	0.655	0.648	0.638	0.636	0.079	0.644	0.596	0.732	0.754	0.754	0.754	0.763	0.755	0.75	0.748	0.656	0.08	0.676	0.55	0.692	0.716	0.713	0.699	0.698	0.69	0.69	0.688	0.656	0.08	0.719	0.528	0.665	0.683	0.689	0.672	0.668	0.655	0.657	0.643	0.672	0.08	0.646	0.666	0.778	0.785	0.785	0.777	0.783	0.781	0.785	0.774	0.672	0.078	0.71	0.599	0.732	0.748	0.735	0.715	0.706	0.695	0.686	0.666	0.078	0.078
0.692	0.581	0.69	0.701	0.702	0.695	0.708	0.698	0.697	0.692	0.077	0.078	0.652	0.534	0.645	0.665	0.666	0.661	0.66	0.652	0.649	0.648	0.668	0.077	0.68	0.558	0.687	0.696	0.696	0.687	0.676	0.664	0.661	0.651	0.654	0.079	0.656	0.611	0.747	0.765	0.768	0.767	0.775	0.763	0.759	0.756	0.668	0.08	0.688	0.564	0.701	0.726	0.726	0.709	0.706	0.699	0.699	0.697	0.665	0.079	0.729	0.543	0.681	0.699	0.7	0.68	0.675	0.664	0.661	0.646	0.676	0.079	0.661	0.682	0.789	0.792	0.789	0.782	0.786	0.785	0.789	0.781	0.686	0.079	0.719	0.613	0.736	0.753	0.739	0.724	0.716	0.703	0.695	0.678	0.078	0.078
0.698	0.593	0.695	0.706	0.708	0.704	0.711	0.703	0.703	0.701	0.078	0.077	0.654	0.547	0.657	0.675	0.673	0.666	0.666	0.656	0.652	0.653	0.673	0.078	0.686	0.569	0.694	0.704	0.704	0.693	0.682	0.671	0.667	0.654	0.661	0.079	0.67	0.624	0.756	0.776	0.775	0.773	0.783	0.774	0.767	0.764	0.672	0.08	0.696	0.579	0.711	0.737	0.735	0.722	0.718	0.709	0.707	0.705	0.673	0.08	0.737	0.556	0.694	0.71	0.71	0.693	0.685	0.671	0.668	0.652	0.686	0.079	0.669	0.69	0.794	0.795	0.793	0.786	0.789	0.786	0.789	0.78	0.693	0.079	0.731	0.629	0.75	0.768	0.757	0.74	0.728	0.714	0.706	0.683	0.077	0.078
0.711	0.61	0.713	0.721	0.723	0.718	0.727	0.716	0.713	0.71	0.078	0.077	0.669	0.561	0.67	0.688	0.689	0.684	0.68	0.672	0.67	0.667	0.687	0.079	0.699	0.585	0.703	0.713	0.716	0.707	0.693	0.679	0.673	0.662	0.669	0.079	0.676	0.638	0.768	0.789	0.787	0.784	0.793	0.789	0.785	0.781	0.684	0.079	0.706	0.591	0.718	0.743	0.744	0.73	0.728	0.716	0.715	0.711	0.678	0.08	0.752	0.57	0.704	0.718	0.725	0.704	0.693	0.682	0.681	0.661	0.696	0.079	0.676	0.7	0.801	0.802	0.799	0.792	0.796	0.795	0.798	0.787	0.706	0.079	0.745	0.644	0.765	0.78	0.77	0.751	0.737	0.722	0.715	0.694	0.078	0.078
0.725	0.632	0.73	0.739	0.742	0.733	0.74	0.729	0.73	0.728	0.078	0.077	0.678	0.576	0.682	0.698	0.694	0.692	0.69	0.674	0.67	0.672	0.698	0.078	0.713	0.596	0.712	0.725	0.726	0.718	0.707	0.69	0.684	0.669	0.683	0.078	0.684	0.651	0.78	0.798	0.8	0.799	0.807	0.799	0.793	0.786	0.694	0.079	0.721	0.605	0.728	0.753	0.757	0.743	0.74	0.731	0.731	0.726	0.693	0.08	0.762	0.582	0.715	0.73	0.733	0.716	0.709	0.691	0.687	0.669	0.712	0.08	0.683	0.712	0.808	0.807	0.807	0.8	0.802	0.802	0.805	0.796	0.72	0.08	0.757	0.659	0.775	0.792	0.776	0.756	0.745	0.728	0.717	0.693	0.078	0.078
0.741	0.641	0.747	0.755	0.757	0.749	0.758	0.751	0.755	0.751	0.078	0.077	0.686	0.588	0.692	0.707	0.708	0.706	0.701	0.689	0.685	0.687	0.709	0.078	0.724	0.608	0.72	0.732	0.732	0.724	0.713	0.695	0.688	0.673	0.694	0.079	0.685	0.66	0.787	0.801	0.802	0.802	0.813	0.805	0.799	0.799	0.704	0.08	0.725	0.611	0.733	0.76	0.765	0.755	0.755	0.742	0.74	0.735	0.703	0.08	0.775	0.595	0.731	0.743	0.746	0.732	0.721	0.699	0.692	0.672	0.719	0.08	0.692	0.72	0.812	0.81	0.809	0.803	0.806	0.807	0.807	0.801	0.729	0.079	0.757	0.662	0.771	0.79	0.781	0.767	0.756	0.74	0.731	0.714	0.078	0.078
0.736	0.649	0.744	0.759	0.764	0.757	0.765	0.757	0.76	0.759	0.077	0.078	0.691	0.603	0.708	0.724	0.721	0.716	0.708	0.692	0.684	0.685	0.715	0.077	0.727	0.62	0.727	0.738	0.742	0.734	0.722	0.703	0.693	0.677	0.7	0.079	0.7	0.678	0.8	0.809	0.808	0.806	0.814	0.804	0.798	0.793	0.707	0.08	0.737	0.624	0.745	0.77	0.773	0.761	0.759	0.743	0.742	0.738	0.711	0.079	0.782	0.607	0.733	0.748	0.753	0.742	0.73	0.704	0.697	0.675	0.725	0.08	0.696	0.728	0.819	0.815	0.812	0.806	0.809	0.809	0.81	0.803	0.736	0.078	0.775	0.677	0.785	0.801	0.791	0.772	0.759	0.741	0.728	0.705	0.078	0.077
0.741	0.653	0.745	0.76	0.769	0.764	0.778	0.769	0.773	0.77	0.078	0.078	0.691	0.613	0.713	0.729	0.729	0.727	0.717	0.704	0.69	0.694	0.724	0.077	0.733	0.63	0.739	0.748	0.752	0.743	0.732	0.711	0.699	0.683	0.71	0.078	0.705	0.684	0.803	0.814	0.813	0.81	0.816	0.804	0.799	0.793	0.716	0.08	0.744	0.637	0.753	0.777	0.776	0.765	0.768	0.752	0.751	0.746	0.721	0.079	0.785	0.621	0.741	0.755	0.761	0.748	0.735	0.712	0.702	0.681	0.734	0.08	0.703	0.736	0.822	0.817	0.819	0.812	0.816	0.817	0.817	0.812	0.748	0.079	0.779	0.685	0.793	0.805	0.793	0.779	0.767	0.749	0.734	0.709	0.078	0.078
0.745	0.657	0.743	0.76	0.767	0.762	0.78	0.765	0.765	0.766	0.078	0.077	0.698	0.629	0.73	0.745	0.748	0.744	0.731	0.716	0.708	0.706	0.733	0.078	0.743	0.644	0.745	0.757	0.761	0.75	0.74	0.715	0.702	0.684	0.714	0.078	0.712	0.693	0.805	0.82	0.819	0.816	0.822	0.815	0.81	0.802	0.726	0.08	0.756	0.647	0.763	0.782	0.78	0.768	0.771	0.755	0.755	0.75	0.726	0.079	0.79	0.631	0.751	0.765	0.768	0.753	0.737	0.711	0.703	0.682	0.739	0.08	0.711	0.744	0.824	0.822	0.824	0.82	0.825	0.824	0.825	0.819	0.756	0.078	0.781	0.692	0.797	0.803	0.795	0.783	0.775	0.751	0.737	0.715	0.077	0.078
0.753	0.657	0.743	0.759	0.769	0.767	0.782	0.775	0.777	0.777	0.077	0.078	0.7	0.636	0.728	0.746	0.746	0.743	0.734	0.715	0.708	0.708	0.744	0.078	0.747	0.655	0.756	0.766	0.769	0.76	0.75	0.723	0.713	0.693	0.728	0.079	0.715	0.703	0.812	0.825	0.826	0.825	0.832	0.823	0.817	0.81	0.737	0.08	0.762	0.659	0.77	0.792	0.788	0.78	0.784	0.768	0.765	0.761	0.74	0.079	0.795	0.645	0.762	0.773	0.778	0.765	0.75	0.725	0.717	0.693	0.753	0.079	0.722	0.752	0.831	0.829	0.831	0.829	0.835	0.834	0.833	0.826	0.767	0.078	0.782	0.697	0.801	0.809	0.798	0.786	0.78	0.76	0.74	0.717	0.077	0.078
0.755	0.67	0.753	0.765	0.773	0.775	0.788	0.781	0.783	0.786	0.078	0.078	0.708	0.645	0.738	0.756	0.757	0.753	0.74	0.723	0.711	0.709	0.752	0.077	0.757	0.66	0.761	0.773	0.775	0.768	0.757	0.733	0.72	0.703	0.74	0.079	0.722	0.71	0.818	0.828	0.831	0.835	0.844	0.832	0.824	0.819	0.748	0.08	0.769	0.665	0.775	0.793	0.791	0.786	0.793	0.778	0.772	0.769	0.747	0.079	0.796	0.658	0.767	0.778	0.782	0.767	0.755	0.733	0.727	0.704	0.766	0.079	0.725	0.759	0.835	0.835	0.837	0.837	0.843	0.841	0.84	0.83	0.774	0.078	0.785	0.704	0.803	0.814	0.808	0.792	0.782	0.761	0.747	0.723	0.078	0.078
0.758	0.679	0.762	0.77	0.781	0.781	0.794	0.787	0.79	0.79	0.078	0.078	0.713	0.652	0.744	0.763	0.769	0.766	0.751	0.731	0.72	0.719	0.76	0.078	0.764	0.668	0.77	0.78	0.781	0.774	0.767	0.742	0.728	0.709	0.748	0.079	0.722	0.716	0.822	0.833	0.838	0.843	0.855	0.842	0.832	0.829	0.759	0.08	0.772	0.671	0.78	0.797	0.797	0.795	0.802	0.783	0.78	0.776	0.755	0.079	0.795	0.665	0.773	0.786	0.784	0.771	0.762	0.74	0.732	0.709	0.773	0.079	0.727	0.767	0.841	0.841	0.844	0.845	0.852	0.85	0.85	0.842	0.785	0.078	0.793	0.717	0.806	0.82	0.815	0.801	0.793	0.772	0.759	0.735	0.078	0.077
0.766	0.683	0.768	0.776	0.788	0.789	0.799	0.794	0.794	0.795	0.078	0.078	0.72	0.665	0.758	0.775	0.775	0.772	0.758	0.738	0.731	0.732	0.778	0.078	0.766	0.676	0.779	0.786	0.787	0.781	0.774	0.749	0.736	0.716	0.759	0.078	0.737	0.726	0.829	0.841	0.85	0.853	0.864	0.852	0.846	0.841	0.765	0.079	0.783	0.682	0.792	0.805	0.807	0.806	0.811	0.791	0.788	0.787	0.77	0.079	0.793	0.672	0.772	0.787	0.792	0.781	0.773	0.748	0.738	0.713	0.779	0.078	0.732	0.772	0.846	0.847	0.852	0.851	0.857	0.854	0.855	0.847	0.792	0.078	0.794	0.726	0.814	0.823	0.819	0.806	0.794	0.773	0.756	0.733	0.077	0.077
0.764	0.695	0.776	0.786	0.8	0.8	0.809	0.802	0.803	0.801	0.078	0.077	0.722	0.676	0.764	0.779	0.783	0.781	0.767	0.748	0.742	0.743	0.793	0.079	0.771	0.685	0.786	0.791	0.794	0.789	0.783	0.756	0.746	0.723	0.769	0.078	0.737	0.731	0.839	0.85	0.858	0.86	0.871	0.859	0.848	0.846	0.78	0.08	0.781	0.688	0.8	0.812	0.816	0.814	0.817	0.796	0.79	0.785	0.77	0.079	0.803	0.684	0.787	0.798	0.801	0.789	0.781	0.756	0.748	0.726	0.789	0.078	0.744	0.779	0.857	0.856	0.859	0.858	0.863	0.861	0.86	0.851	0.799	0.078	0.8	0.728	0.821	0.832	0.826	0.812	0.8	0.778	0.758	0.735	0.078	0.077
0.766	0.704	0.777	0.791	0.806	0.809	0.819	0.811	0.809	0.808	0.079	0.077	0.732	0.685	0.775	0.791	0.795	0.792	0.777	0.755	0.753	0.757	0.804	0.078	0.777	0.693	0.79	0.798	0.802	0.794	0.79	0.765	0.752	0.73	0.776	0.078	0.749	0.742	0.846	0.86	0.869	0.87	0.877	0.867	0.857	0.851	0.785	0.079	0.791	0.7	0.809	0.822	0.827	0.825	0.829	0.806	0.801	0.795	0.781	0.079	0.808	0.694	0.796	0.809	0.809	0.796	0.791	0.765	0.754	0.728	0.797	0.08	0.75	0.783	0.863	0.859	0.865	0.863	0.867	0.863	0.863	0.852	0.807	0.078	0.807	0.732	0.821	0.835	0.834	0.82	0.803	0.778	0.762	0.736	0.078	0.078
0.774	0.709	0.782	0.795	0.814	0.816	0.826	0.816	0.811	0.807	0.078	0.077	0.737	0.691	0.788	0.803	0.796	0.793	0.782	0.765	0.759	0.759	0.805	0.078	0.781	0.7	0.798	0.804	0.808	0.803	0.799	0.774	0.759	0.737	0.786	0.079	0.756	0.753	0.852	0.863	0.875	0.873	0.882	0.871	0.862	0.856	0.792	0.08	0.795	0.706	0.816	0.829	0.832	0.832	0.835	0.814	0.807	0.8	0.791	0.079	0.811	0.702	0.802	0.813	0.812	0.797	0.793	0.772	0.758	0.736	0.808	0.08	0.751	0.789	0.865	0.861	0.869	0.867	0.87	0.866	0.867	0.855	0.821	0.079	0.814	0.74	0.832	0.843	0.838	0.823	0.807	0.782	0.761	0.736	0.078	0.079
0.785	0.714	0.784	0.802	0.824	0.829	0.837	0.825	0.821	0.817	0.078	0.077	0.743	0.701	0.795	0.801	0.798	0.796	0.786	0.765	0.758	0.76	0.81	0.079	0.785	0.71	0.804	0.811	0.815	0.812	0.808	0.783	0.768	0.746	0.793	0.079	0.757	0.758	0.854	0.87	0.877	0.875	0.886	0.876	0.865	0.861	0.799	0.081	0.795	0.712	0.82	0.831	0.836	0.833	0.838	0.816	0.809	0.803	0.8	0.079	0.82	0.716	0.814	0.82	0.822	0.808	0.803	0.781	0.769	0.747	0.817	0.08	0.763	0.795	0.872	0.865	0.869	0.87	0.873	0.87	0.87	0.857	0.829	0.078	0.821	0.745	0.833	0.841	0.838	0.825	0.813	0.783	0.766	0.741	0.078	0.078
0.8	0.723	0.792	0.813	0.836	0.839	0.846	0.834	0.829	0.821	0.078	0.077	0.747	0.713	0.802	0.808	0.808	0.806	0.794	0.774	0.769	0.771	0.819	0.078	0.79	0.721	0.81	0.818	0.826	0.821	0.814	0.789	0.775	0.751	0.795	0.078	0.758	0.765	0.864	0.878	0.884	0.882	0.892	0.882	0.871	0.866	0.805	0.08	0.802	0.72	0.829	0.841	0.845	0.841	0.842	0.823	0.813	0.805	0.807	0.079	0.823	0.72	0.819	0.826	0.826	0.814	0.806	0.787	0.775	0.751	0.821	0.078	0.763	0.801	0.874	0.865	0.872	0.871	0.876	0.873	0.872	0.859	0.836	0.079	0.824	0.751	0.839	0.845	0.844	0.829	0.814	0.784	0.767	0.744	0.077	0.077
0.804	0.731	0.801	0.82	0.839	0.841	0.849	0.833	0.826	0.821	0.078	0.077	0.745	0.719	0.803	0.813	0.809	0.805	0.798	0.783	0.775	0.774	0.823	0.078	0.795	0.724	0.816	0.826	0.832	0.825	0.82	0.792	0.778	0.756	0.805	0.079	0.769	0.775	0.871	0.885	0.888	0.88	0.892	0.887	0.875	0.869	0.815	0.08	0.81	0.729	0.833	0.846	0.852	0.846	0.848	0.827	0.821	0.814	0.818	0.079	0.834	0.729	0.827	0.833	0.833	0.821	0.814	0.794	0.783	0.757	0.83	0.078	0.77	0.811	0.883	0.875	0.877	0.871	0.877	0.875	0.876	0.863	0.844	0.079	0.829	0.756	0.846	0.852	0.85	0.832	0.818	0.785	0.763	0.739	0.077	0.077
0.803	0.737	0.805	0.827	0.844	0.844	0.853	0.837	0.829	0.824	0.078	0.077	0.754	0.728	0.809	0.821	0.825	0.819	0.81	0.789	0.782	0.782	0.829	0.079	0.804	0.736	0.825	0.833	0.837	0.832	0.828	0.8	0.784	0.759	0.81	0.078	0.769	0.774	0.876	0.892	0.889	0.881	0.893	0.887	0.878	0.871	0.816	0.08	0.817	0.735	0.838	0.855	0.858	0.852	0.852	0.831	0.826	0.819	0.825	0.079	0.838	0.736	0.832	0.839	0.842	0.831	0.821	0.796	0.783	0.757	0.834	0.078	0.774	0.815	0.883	0.873	0.873	0.869	0.875	0.874	0.876	0.864	0.853	0.079	0.837	0.763	0.854	0.857	0.855	0.839	0.825	0.792	0.769	0.747	0.077	0.077
0.811	0.743	0.809	0.831	0.851	0.849	0.857	0.842	0.834	0.825	0.078	0.078	0.763	0.732	0.817	0.827	0.827	0.822	0.811	0.793	0.784	0.785	0.827	0.078	0.813	0.74	0.829	0.837	0.841	0.836	0.833	0.802	0.786	0.766	0.82	0.079	0.779	0.782	0.888	0.895	0.89	0.886	0.899	0.886	0.877	0.87	0.823	0.08	0.83	0.741	0.849	0.859	0.864	0.856	0.854	0.833	0.827	0.818	0.828	0.079	0.844	0.736	0.831	0.838	0.842	0.829	0.823	0.8	0.789	0.764	0.837	0.079	0.778	0.82	0.885	0.871	0.873	0.871	0.878	0.874	0.873	0.861	0.856	0.079	0.842	0.773	0.857	0.859	0.857	0.84	0.822	0.79	0.769	0.744	0.077	0.077
0.82	0.752	0.821	0.841	0.858	0.857	0.865	0.846	0.836	0.832	0.078	0.078	0.769	0.741	0.826	0.837	0.839	0.833	0.822	0.797	0.792	0.788	0.833	0.079	0.819	0.747	0.838	0.844	0.848	0.842	0.843	0.81	0.796	0.778	0.828	0.079	0.777	0.783	0.89	0.891	0.892	0.893	0.904	0.887	0.877	0.872	0.832	0.079	0.826	0.744	0.85	0.858	0.865	0.858	0.856	0.836	0.829	0.82	0.839	0.079	0.847	0.747	0.844	0.85	0.854	0.841	0.834	0.808	0.798	0.773	0.848	0.079	0.783	0.824	0.887	0.869	0.876	0.875	0.884	0.878	0.876	0.866	0.865	0.079	0.842	0.773	0.859	0.861	0.859	0.841	0.823	0.791	0.77	0.743	0.078	0.079
0.829	0.76	0.831	0.85	0.867	0.864	0.871	0.853	0.845	0.84	0.078	0.077	0.775	0.744	0.821	0.838	0.841	0.835	0.82	0.801	0.799	0.795	0.839	0.079	0.826	0.753	0.841	0.847	0.85	0.842	0.841	0.809	0.796	0.777	0.832	0.079	0.778	0.786	0.893	0.891	0.896	0.896	0.909	0.891	0.88	0.877	0.837	0.079	0.832	0.748	0.85	0.86	0.868	0.861	0.858	0.84	0.835	0.825	0.843	0.079	0.852	0.752	0.853	0.855	0.858	0.844	0.837	0.809	0.799	0.775	0.851	0.079	0.788	0.828	0.888	0.873	0.88	0.88	0.888	0.883	0.88	0.868	0.868	0.079	0.844	0.777	0.859	0.86	0.859	0.839	0.823	0.791	0.769	0.74	0.078	0.078
0.832	0.765	0.835	0.853	0.873	0.866	0.871	0.852	0.844	0.834	0.078	0.077	0.781	0.75	0.832	0.846	0.847	0.841	0.826	0.802	0.797	0.797	0.844	0.077	0.831	0.755	0.845	0.849	0.854	0.848	0.846	0.815	0.801	0.781	0.836	0.079	0.785	0.794	0.902	0.895	0.899	0.898	0.914	0.894	0.884	0.879	0.841	0.08	0.84	0.757	0.86	0.867	0.872	0.862	0.861	0.842	0.839	0.83	0.847	0.079	0.851	0.752	0.854	0.856	0.861	0.85	0.843	0.811	0.797	0.774	0.853	0.08	0.785	0.832	0.888	0.876	0.886	0.886	0.892	0.887	0.882	0.871	0.872	0.079	0.844	0.786	0.86	0.863	0.861	0.843	0.826	0.79	0.768	0.741	0.078	0.078
0.839	0.767	0.841	0.859	0.875	0.869	0.879	0.86	0.852	0.842	0.078	0.078	0.78	0.756	0.842	0.854	0.85	0.841	0.823	0.804	0.796	0.796	0.843	0.077	0.833	0.761	0.851	0.854	0.859	0.855	0.853	0.818	0.797	0.779	0.837	0.079	0.799	0.806	0.911	0.899	0.902	0.902	0.918	0.899	0.888	0.884	0.842	0.08	0.851	0.767	0.868	0.874	0.877	0.868	0.863	0.844	0.839	0.828	0.845	0.079	0.854	0.755	0.857	0.865	0.869	0.852	0.847	0.819	0.806	0.776	0.856	0.079	0.787	0.837	0.892	0.88	0.89	0.889	0.896	0.891	0.886	0.873	0.875	0.079	0.845	0.791	0.862	0.864	0.863	0.843	0.826	0.792	0.769	0.74	0.077	0.077
0.849	0.772	0.842	0.864	0.874	0.869	0.879	0.86	0.85	0.837	0.078	0.077	0.785	0.767	0.857	0.867	0.86	0.847	0.832	0.815	0.81	0.805	0.85	0.078	0.839	0.771	0.859	0.861	0.865	0.859	0.857	0.823	0.808	0.786	0.846	0.079	0.795	0.807	0.907	0.9	0.903	0.902	0.919	0.902	0.89	0.887	0.848	0.08	0.847	0.773	0.868	0.875	0.881	0.871	0.866	0.848	0.842	0.833	0.857	0.079	0.854	0.769	0.866	0.869	0.872	0.861	0.855	0.828	0.812	0.784	0.863	0.08	0.786	0.838	0.893	0.881	0.895	0.894	0.901	0.896	0.891	0.878	0.882	0.079	0.85	0.798	0.864	0.866	0.865	0.844	0.828	0.794	0.771	0.741	0.077	0.077
0.835	0.781	0.842	0.863	0.87	0.869	0.872	0.853	0.841	0.834	0.078	0.078	0.786	0.779	0.865	0.872	0.865	0.853	0.838	0.82	0.814	0.807	0.849	0.078	0.842	0.778	0.866	0.867	0.87	0.863	0.862	0.826	0.806	0.783	0.85	0.079	0.8	0.816	0.912	0.898	0.904	0.904	0.921	0.905	0.892	0.89	0.852	0.08	0.857	0.782	0.876	0.88	0.882	0.872	0.865	0.845	0.841	0.83	0.857	0.079	0.857	0.775	0.875	0.875	0.878	0.866	0.856	0.828	0.811	0.781	0.863	0.08	0.79	0.847	0.885	0.887	0.899	0.897	0.904	0.899	0.893	0.881	0.888	0.079	0.851	0.808	0.866	0.866	0.866	0.844	0.827	0.793	0.77	0.742	0.077	0.077
0.817	0.782	0.85	0.862	0.878	0.876	0.874	0.85	0.839	0.831	0.079	0.078	0.787	0.787	0.873	0.877	0.869	0.859	0.842	0.816	0.809	0.801	0.844	0.079	0.846	0.784	0.871	0.869	0.871	0.863	0.861	0.826	0.805	0.78	0.842	0.079	0.796	0.82	0.906	0.901	0.91	0.905	0.924	0.91	0.895	0.893	0.842	0.08	0.855	0.785	0.878	0.877	0.878	0.869	0.86	0.839	0.836	0.823	0.852	0.079	0.848	0.783	0.88	0.879	0.88	0.865	0.851	0.819	0.798	0.768	0.856	0.079	0.79	0.855	0.875	0.89	0.9	0.897	0.907	0.902	0.896	0.883	0.891	0.078	0.843	0.809	0.857	0.859	0.86	0.839	0.822	0.789	0.769	0.742	0.077	0.077
0.819	0.785	0.832	0.87	0.876	0.876	0.872	0.851	0.838	0.828	0.078	0.079	0.784	0.786	0.867	0.87	0.867	0.854	0.836	0.806	0.8	0.786	0.829	0.077	0.846	0.787	0.87	0.867	0.869	0.864	0.859	0.824	0.799	0.768	0.829	0.079	0.792	0.822	0.894	0.902	0.912	0.907	0.925	0.913	0.899	0.896	0.834	0.08	0.85	0.787	0.876	0.869	0.87	0.86	0.861	0.835	0.823	0.81	0.838	0.079	0.831	0.788	0.879	0.873	0.871	0.852	0.831	0.797	0.781	0.754	0.846	0.079	0.787	0.859	0.872	0.894	0.902	0.898	0.909	0.906	0.899	0.887	0.884	0.079	0.836	0.806	0.845	0.852	0.855	0.837	0.822	0.79	0.77	0.742	0.077	0.078
0.821	0.785	0.831	0.87	0.881	0.879	0.873	0.851	0.838	0.828	0.078	0.078	0.787	0.786	0.872	0.876	0.865	0.85	0.828	0.8	0.791	0.774	0.827	0.077	0.848	0.792	0.87	0.867	0.87	0.865	0.856	0.817	0.789	0.758	0.827	0.079	0.794	0.825	0.887	0.903	0.912	0.909	0.926	0.917	0.903	0.899	0.832	0.08	0.848	0.795	0.877	0.865	0.87	0.863	0.863	0.837	0.824	0.813	0.841	0.08	0.823	0.79	0.878	0.87	0.865	0.846	0.828	0.794	0.775	0.748	0.848	0.079	0.785	0.861	0.876	0.896	0.903	0.898	0.911	0.909	0.903	0.89	0.886	0.079	0.837	0.81	0.843	0.852	0.859	0.839	0.825	0.794	0.773	0.744	0.077	0.078
0.829	0.793	0.833	0.877	0.888	0.883	0.878	0.853	0.837	0.829	0.078	0.078	0.789	0.789	0.875	0.876	0.868	0.856	0.833	0.8	0.792	0.771	0.831	0.079	0.85	0.797	0.869	0.87	0.869	0.864	0.855	0.818	0.787	0.755	0.832	0.079	0.79	0.83	0.888	0.905	0.914	0.911	0.928	0.92	0.906	0.903	0.836	0.08	0.847	0.795	0.877	0.866	0.873	0.865	0.869	0.842	0.827	0.815	0.845	0.079	0.821	0.79	0.881	0.87	0.865	0.847	0.834	0.797	0.779	0.752	0.854	0.079	0.784	0.863	0.878	0.898	0.904	0.9	0.912	0.911	0.907	0.893	0.89	0.079	0.839	0.811	0.843	0.854	0.861	0.842	0.827	0.794	0.773	0.743	0.077	0.078
0.832	0.802	0.837	0.879	0.891	0.886	0.883	0.854	0.837	0.828	0.078	0.078	0.792	0.793	0.877	0.88	0.871	0.857	0.836	0.805	0.794	0.774	0.837	0.078	0.85	0.797	0.872	0.87	0.869	0.866	0.857	0.818	0.787	0.756	0.835	0.079	0.801	0.84	0.888	0.907	0.915	0.913	0.929	0.922	0.91	0.906	0.839	0.08	0.849	0.804	0.88	0.869	0.876	0.87	0.874	0.845	0.829	0.817	0.849	0.079	0.822	0.802	0.886	0.87	0.865	0.848	0.837	0.799	0.78	0.752	0.856	0.08	0.79	0.872	0.881	0.898	0.903	0.901	0.912	0.911	0.91	0.896	0.895	0.079	0.842	0.821	0.845	0.857	0.864	0.846	0.831	0.796	0.775	0.745	0.077	0.078
0.838	0.813	0.842	0.883	0.895	0.889	0.886	0.854	0.836	0.829	0.079	0.078	0.793	0.794	0.877	0.876	0.871	0.857	0.836	0.801	0.791	0.771	0.837	0.079	0.852	0.802	0.871	0.872	0.871	0.867	0.859	0.819	0.787	0.755	0.836	0.079	0.8	0.843	0.888	0.905	0.917	0.914	0.929	0.923	0.913	0.908	0.84	0.08	0.854	0.81	0.881	0.869	0.88	0.873	0.876	0.848	0.829	0.817	0.85	0.079	0.824	0.802	0.885	0.869	0.867	0.849	0.837	0.799	0.78	0.751	0.86	0.079	0.788	0.876	0.883	0.897	0.906	0.902	0.914	0.912	0.913	0.9	0.901	0.08	0.843	0.826	0.845	0.857	0.866	0.848	0.834	0.797	0.776	0.746	0.077	0.077
0.831	0.82	0.838	0.88	0.895	0.89	0.892	0.858	0.841	0.831	0.079	0.078	0.794	0.801	0.881	0.879	0.87	0.857	0.835	0.803	0.79	0.77	0.841	0.078	0.852	0.813	0.873	0.873	0.874	0.87	0.864	0.825	0.794	0.763	0.843	0.079	0.804	0.851	0.891	0.907	0.92	0.916	0.932	0.924	0.915	0.912	0.847	0.08	0.853	0.818	0.882	0.871	0.884	0.876	0.879	0.85	0.833	0.82	0.855	0.08	0.827	0.813	0.893	0.874	0.871	0.854	0.842	0.804	0.784	0.756	0.865	0.079	0.792	0.883	0.886	0.898	0.91	0.903	0.914	0.913	0.915	0.902	0.905	0.08	0.847	0.833	0.847	0.86	0.869	0.852	0.836	0.799	0.777	0.747	0.077	0.078
0.835	0.825	0.846	0.88	0.898	0.891	0.896	0.862	0.846	0.837	0.078	0.078	0.805	0.809	0.886	0.886	0.878	0.865	0.84	0.806	0.797	0.778	0.847	0.079	0.86	0.821	0.88	0.875	0.874	0.875	0.869	0.827	0.795	0.765	0.847	0.079	0.818	0.859	0.894	0.909	0.924	0.919	0.933	0.925	0.917	0.915	0.85	0.08	0.861	0.825	0.888	0.875	0.888	0.881	0.883	0.854	0.835	0.822	0.86	0.08	0.83	0.815	0.892	0.873	0.872	0.856	0.843	0.805	0.785	0.755	0.867	0.08	0.794	0.884	0.89	0.899	0.912	0.904	0.917	0.914	0.918	0.905	0.908	0.079	0.849	0.839	0.848	0.862	0.872	0.854	0.84	0.802	0.779	0.749	0.078	0.078
0.842	0.827	0.854	0.885	0.902	0.895	0.901	0.867	0.852	0.841	0.078	0.078	0.805	0.812	0.89	0.891	0.885	0.872	0.848	0.809	0.798	0.779	0.851	0.079	0.858	0.823	0.877	0.874	0.873	0.87	0.867	0.825	0.794	0.762	0.851	0.079	0.811	0.861	0.896	0.912	0.925	0.922	0.935	0.927	0.919	0.917	0.854	0.081	0.856	0.826	0.887	0.876	0.893	0.885	0.887	0.859	0.839	0.826	0.865	0.079	0.835	0.82	0.897	0.871	0.87	0.858	0.846	0.809	0.788	0.759	0.873	0.079	0.795	0.893	0.889	0.9	0.909	0.905	0.916	0.916	0.92	0.907	0.908	0.079	0.853	0.846	0.849	0.866	0.876	0.858	0.843	0.805	0.782	0.752	0.078	0.078
0.848	0.829	0.857	0.889	0.902	0.897	0.904	0.871	0.854	0.845	0.078	0.078	0.804	0.817	0.893	0.888	0.879	0.868	0.843	0.804	0.792	0.776	0.856	0.078	0.855	0.832	0.881	0.871	0.874	0.871	0.869	0.827	0.796	0.762	0.856	0.079	0.808	0.864	0.896	0.913	0.927	0.923	0.936	0.928	0.921	0.919	0.861	0.08	0.852	0.832	0.878	0.879	0.895	0.889	0.891	0.863	0.843	0.83	0.871	0.08	0.837	0.826	0.9	0.864	0.871	0.857	0.847	0.811	0.79	0.76	0.88	0.08	0.79	0.9	0.89	0.9	0.909	0.905	0.917	0.917	0.92	0.908	0.909	0.079	0.856	0.852	0.851	0.869	0.88	0.861	0.846	0.807	0.783	0.754	0.077	0.077
0.843	0.839	0.858	0.892	0.901	0.899	0.908	0.872	0.854	0.844	0.078	0.078	0.81	0.822	0.899	0.895	0.882	0.874	0.848	0.808	0.791	0.775	0.858	0.078	0.855	0.835	0.885	0.871	0.877	0.874	0.871	0.826	0.795	0.763	0.86	0.079	0.816	0.872	0.897	0.913	0.93	0.926	0.938	0.931	0.923	0.92	0.863	0.08	0.853	0.838	0.878	0.882	0.9	0.892	0.894	0.864	0.844	0.83	0.874	0.08	0.841	0.835	0.903	0.866	0.876	0.862	0.851	0.813	0.791	0.761	0.883	0.079	0.795	0.907	0.891	0.902	0.91	0.906	0.918	0.918	0.92	0.907	0.912	0.08	0.857	0.856	0.852	0.871	0.883	0.864	0.848	0.808	0.784	0.752	0.078	0.078
0.845	0.845	0.858	0.896	0.901	0.898	0.91	0.873	0.853	0.845	0.079	0.078	0.811	0.827	0.897	0.893	0.883	0.876	0.848	0.803	0.79	0.776	0.861	0.078	0.855	0.836	0.882	0.87	0.88	0.875	0.873	0.826	0.794	0.759	0.86	0.079	0.816	0.876	0.897	0.915	0.932	0.928	0.94	0.931	0.923	0.921	0.863	0.081	0.854	0.84	0.875	0.884	0.903	0.895	0.897	0.866	0.845	0.83	0.876	0.079	0.842	0.837	0.9	0.865	0.877	0.863	0.851	0.811	0.789	0.758	0.885	0.079	0.797	0.909	0.89	0.902	0.912	0.908	0.923	0.918	0.921	0.909	0.914	0.079	0.86	0.86	0.852	0.873	0.885	0.865	0.85	0.809	0.783	0.751	0.078	0.078
0.847	0.846	0.861	0.898	0.9	0.897	0.912	0.875	0.854	0.844	0.078	0.077	0.812	0.829	0.899	0.896	0.881	0.874	0.845	0.801	0.786	0.769	0.861	0.078	0.855	0.84	0.883	0.871	0.883	0.878	0.877	0.827	0.796	0.759	0.862	0.079	0.82	0.882	0.896	0.916	0.934	0.929	0.942	0.932	0.923	0.921	0.865	0.08	0.855	0.849	0.875	0.886	0.905	0.898	0.898	0.868	0.846	0.832	0.878	0.079	0.845	0.839	0.896	0.864	0.879	0.865	0.853	0.812	0.79	0.759	0.888	0.08	0.795	0.914	0.891	0.904	0.913	0.91	0.922	0.919	0.922	0.909	0.914	0.079	0.862	0.866	0.853	0.875	0.887	0.868	0.852	0.81	0.784	0.752	0.078	0.078
0.855	0.845	0.865	0.899	0.902	0.897	0.914	0.875	0.854	0.842	0.078	0.077	0.807	0.831	0.897	0.888	0.874	0.874	0.843	0.791	0.778	0.767	0.861	0.078	0.85	0.841	0.882	0.871	0.885	0.878	0.875	0.825	0.794	0.76	0.865	0.079	0.813	0.886	0.896	0.916	0.936	0.932	0.944	0.932	0.924	0.922	0.87	0.081	0.853	0.855	0.866	0.887	0.907	0.899	0.9	0.87	0.847	0.832	0.882	0.08	0.848	0.846	0.892	0.862	0.882	0.866	0.854	0.814	0.792	0.761	0.892	0.08	0.791	0.919	0.895	0.905	0.914	0.911	0.922	0.92	0.923	0.909	0.913	0.079	0.864	0.866	0.853	0.876	0.889	0.869	0.854	0.811	0.784	0.752	0.078	0.078
0.859	0.847	0.868	0.902	0.902	0.898	0.916	0.878	0.858	0.847	0.079	0.079	0.797	0.839	0.893	0.88	0.868	0.867	0.838	0.789	0.778	0.77	0.868	0.078	0.853	0.844	0.875	0.874	0.89	0.882	0.878	0.827	0.797	0.763	0.869	0.079	0.809	0.893	0.896	0.918	0.939	0.934	0.946	0.934	0.925	0.924	0.873	0.081	0.855	0.857	0.865	0.89	0.909	0.902	0.903	0.872	0.85	0.834	0.885	0.08	0.85	0.85	0.882	0.863	0.885	0.868	0.857	0.815	0.793	0.764	0.896	0.08	0.774	0.921	0.898	0.905	0.915	0.913	0.925	0.921	0.923	0.911	0.914	0.079	0.867	0.865	0.854	0.878	0.892	0.873	0.856	0.814	0.786	0.753	0.077	0.078
0.859	0.848	0.868	0.9	0.903	0.899	0.918	0.88	0.861	0.848	0.078	0.078	0.789	0.841	0.879	0.874	0.869	0.858	0.828	0.789	0.78	0.773	0.868	0.078	0.856	0.849	0.867	0.877	0.893	0.886	0.882	0.831	0.801	0.768	0.873	0.08	0.786	0.89	0.897	0.921	0.942	0.937	0.949	0.936	0.926	0.924	0.877	0.08	0.858	0.854	0.866	0.892	0.912	0.905	0.907	0.876	0.853	0.838	0.89	0.079	0.854	0.848	0.864	0.867	0.889	0.873	0.862	0.819	0.797	0.767	0.9	0.08	0.762	0.911	0.898	0.906	0.918	0.915	0.925	0.923	0.925	0.912	0.918	0.08	0.87	0.862	0.858	0.882	0.895	0.876	0.859	0.816	0.788	0.756	0.077	0.078
0.855	0.852	0.868	0.899	0.901	0.9	0.919	0.883	0.861	0.849	0.079	0.077	0.786	0.848	0.876	0.873	0.87	0.86	0.829	0.791	0.782	0.774	0.873	0.078	0.857	0.852	0.865	0.879	0.896	0.89	0.885	0.834	0.802	0.769	0.878	0.08	0.784	0.896	0.897	0.923	0.943	0.939	0.951	0.937	0.927	0.926	0.881	0.081	0.86	0.861	0.867	0.895	0.913	0.906	0.909	0.878	0.855	0.839	0.893	0.08	0.856	0.851	0.859	0.869	0.891	0.875	0.864	0.819	0.796	0.765	0.902	0.08	0.76	0.913	0.897	0.907	0.919	0.915	0.926	0.924	0.926	0.913	0.92	0.08	0.872	0.866	0.859	0.884	0.898	0.878	0.861	0.818	0.79	0.757	0.077	0.078
0.849	0.854	0.867	0.898	0.899	0.9	0.919	0.882	0.86	0.848	0.079	0.079	0.783	0.85	0.873	0.873	0.872	0.861	0.827	0.789	0.779	0.772	0.875	0.078	0.858	0.858	0.864	0.882	0.899	0.893	0.888	0.835	0.801	0.767	0.88	0.079	0.781	0.899	0.897	0.924	0.946	0.941	0.953	0.939	0.929	0.928	0.884	0.08	0.861	0.863	0.868	0.897	0.914	0.905	0.911	0.879	0.856	0.839	0.897	0.079	0.86	0.857	0.861	0.872	0.894	0.879	0.866	0.822	0.797	0.766	0.907	0.08	0.758	0.914	0.899	0.909	0.921	0.917	0.928	0.926	0.928	0.915	0.921	0.08	0.874	0.868	0.86	0.887	0.9	0.879	0.862	0.819	0.791	0.758	0.077	0.078
0.852	0.857	0.868	0.896	0.898	0.899	0.918	0.882	0.861	0.849	0.08	0.078	0.782	0.857	0.874	0.875	0.876	0.864	0.829	0.787	0.78	0.771	0.879	0.078	0.859	0.863	0.864	0.883	0.901	0.894	0.889	0.835	0.801	0.766	0.882	0.079	0.779	0.903	0.897	0.926	0.948	0.944	0.955	0.94	0.931	0.929	0.886	0.08	0.863	0.866	0.868	0.899	0.914	0.906	0.914	0.881	0.857	0.841	0.9	0.08	0.862	0.861	0.861	0.874	0.897	0.882	0.868	0.823	0.799	0.766	0.91	0.08	0.756	0.915	0.894	0.91	0.923	0.92	0.933	0.927	0.929	0.915	0.922	0.079	0.876	0.87	0.862	0.889	0.901	0.882	0.866	0.821	0.792	0.759	0.077	0.079
0.85	0.859	0.87	0.894	0.9	0.899	0.919	0.883	0.861	0.848	0.079	0.079	0.784	0.863	0.873	0.877	0.877	0.866	0.825	0.787	0.778	0.769	0.883	0.079	0.862	0.869	0.865	0.885	0.903	0.897	0.892	0.836	0.8	0.765	0.885	0.079	0.782	0.906	0.898	0.929	0.951	0.946	0.957	0.942	0.932	0.931	0.891	0.08	0.867	0.872	0.87	0.901	0.915	0.907	0.917	0.884	0.859	0.844	0.904	0.08	0.864	0.867	0.86	0.876	0.899	0.884	0.87	0.825	0.801	0.768	0.914	0.08	0.757	0.917	0.897	0.912	0.925	0.922	0.932	0.929	0.93	0.918	0.924	0.08	0.878	0.87	0.864	0.89	0.902	0.885	0.867	0.822	0.792	0.758	0.077	0.078
0.853	0.862	0.867	0.891	0.902	0.9	0.919	0.886	0.863	0.85	0.079	0.079	0.785	0.871	0.873	0.879	0.879	0.865	0.827	0.787	0.775	0.767	0.884	0.078	0.867	0.874	0.866	0.887	0.905	0.9	0.894	0.839	0.802	0.766	0.887	0.079	0.788	0.912	0.898	0.93	0.953	0.95	0.96	0.944	0.934	0.932	0.892	0.081	0.87	0.879	0.871	0.903	0.914	0.908	0.92	0.885	0.862	0.845	0.906	0.079	0.865	0.87	0.86	0.877	0.901	0.885	0.873	0.825	0.8	0.766	0.916	0.079	0.758	0.919	0.899	0.914	0.927	0.925	0.933	0.93	0.931	0.919	0.924	0.08	0.88	0.873	0.865	0.892	0.901	0.888	0.869	0.824	0.794	0.76	0.078	0.078
0.853	0.861	0.868	0.888	0.899	0.901	0.917	0.888	0.865	0.852	0.079	0.079	0.788	0.879	0.874	0.881	0.882	0.868	0.828	0.785	0.774	0.763	0.885	0.079	0.87	0.882	0.868	0.89	0.907	0.903	0.898	0.842	0.804	0.768	0.891	0.08	0.788	0.916	0.899	0.934	0.956	0.952	0.963	0.946	0.935	0.933	0.896	0.081	0.872	0.883	0.872	0.904	0.915	0.909	0.922	0.888	0.864	0.847	0.911	0.079	0.868	0.877	0.861	0.878	0.903	0.888	0.875	0.829	0.801	0.768	0.92	0.079	0.761	0.924	0.904	0.917	0.929	0.927	0.936	0.933	0.934	0.92	0.928	0.08	0.881	0.874	0.868	0.893	0.902	0.891	0.872	0.826	0.795	0.761	0.077	0.079
0.859	0.868	0.87	0.889	0.902	0.903	0.915	0.891	0.868	0.854	0.079	0.079	0.787	0.884	0.873	0.881	0.883	0.87	0.83	0.787	0.777	0.768	0.892	0.079	0.874	0.885	0.869	0.892	0.91	0.906	0.901	0.845	0.808	0.768	0.895	0.079	0.789	0.918	0.899	0.935	0.958	0.955	0.965	0.947	0.937	0.935	0.899	0.081	0.877	0.888	0.874	0.906	0.916	0.91	0.925	0.89	0.866	0.847	0.914	0.08	0.87	0.88	0.862	0.88	0.905	0.891	0.879	0.831	0.804	0.77	0.922	0.08	0.76	0.923	0.903	0.917	0.931	0.928	0.938	0.934	0.934	0.921	0.93	0.08	0.883	0.874	0.87	0.894	0.902	0.893	0.876	0.828	0.796	0.762	0.078	0.078
0.869	0.869	0.873	0.891	0.905	0.9	0.916	0.894	0.872	0.857	0.078	0.078	0.787	0.883	0.874	0.885	0.886	0.872	0.832	0.788	0.778	0.769	0.894	0.078	0.875	0.887	0.872	0.894	0.911	0.908	0.904	0.849	0.811	0.772	0.899	0.079	0.786	0.918	0.9	0.938	0.961	0.958	0.968	0.949	0.938	0.938	0.904	0.081	0.879	0.886	0.875	0.907	0.916	0.911	0.925	0.893	0.868	0.851	0.917	0.08	0.871	0.878	0.863	0.882	0.908	0.894	0.881	0.835	0.807	0.773	0.923	0.08	0.76	0.918	0.91	0.919	0.933	0.931	0.939	0.935	0.935	0.922	0.933	0.08	0.884	0.875	0.871	0.895	0.904	0.895	0.877	0.83	0.799	0.764	0.078	0.078
0.868	0.866	0.877	0.886	0.909	0.907	0.92	0.896	0.873	0.86	0.079	0.079	0.788	0.892	0.875	0.889	0.889	0.875	0.834	0.791	0.78	0.772	0.898	0.079	0.877	0.89	0.873	0.896	0.912	0.91	0.907	0.851	0.812	0.773	0.903	0.079	0.787	0.921	0.9	0.941	0.965	0.961	0.97	0.952	0.94	0.939	0.907	0.081	0.881	0.887	0.878	0.909	0.917	0.911	0.927	0.894	0.869	0.851	0.92	0.08	0.875	0.879	0.865	0.885	0.911	0.897	0.884	0.836	0.806	0.772	0.923	0.08	0.762	0.915	0.913	0.921	0.936	0.935	0.942	0.938	0.938	0.924	0.934	0.08	0.887	0.874	0.872	0.897	0.905	0.896	0.879	0.831	0.8	0.765	0.078	0.078
0.886	0.869	0.88	0.888	0.911	0.907	0.922	0.899	0.875	0.86	0.078	0.078	0.784	0.891	0.875	0.89	0.891	0.875	0.836	0.792	0.784	0.772	0.904	0.079	0.878	0.891	0.874	0.899	0.912	0.91	0.91	0.854	0.814	0.775	0.907	0.079	0.781	0.923	0.901	0.943	0.967	0.963	0.973	0.954	0.942	0.94	0.911	0.081	0.881	0.887	0.878	0.909	0.918	0.913	0.928	0.898	0.872	0.853	0.924	0.079	0.877	0.885	0.864	0.887	0.912	0.9	0.886	0.839	0.809	0.774	0.926	0.08	0.761	0.914	0.898	0.924	0.94	0.937	0.944	0.941	0.94	0.925	0.937	0.08	0.889	0.872	0.874	0.897	0.906	0.897	0.881	0.833	0.801	0.764	0.079	0.078
0.884	0.866	0.878	0.889	0.912	0.907	0.923	0.903	0.876	0.863	0.08	0.078	0.782	0.899	0.873	0.889	0.892	0.877	0.836	0.791	0.782	0.773	0.908	0.078	0.881	0.897	0.876	0.9	0.912	0.911	0.913	0.857	0.817	0.776	0.91	0.079	0.776	0.923	0.902	0.945	0.97	0.966	0.975	0.955	0.943	0.941	0.914	0.081	0.882	0.888	0.878	0.909	0.919	0.913	0.929	0.9	0.874	0.855	0.925	0.08	0.878	0.892	0.865	0.889	0.914	0.902	0.89	0.842	0.812	0.776	0.926	0.08	0.76	0.913	0.899	0.926	0.942	0.939	0.946	0.944	0.942	0.928	0.939	0.08	0.889	0.874	0.876	0.897	0.906	0.899	0.882	0.833	0.799	0.765	0.078	0.078
0.882	0.867	0.883	0.891	0.911	0.911	0.922	0.904	0.879	0.864	0.079	0.079	0.781	0.903	0.873	0.89	0.893	0.879	0.836	0.79	0.779	0.769	0.907	0.079	0.884	0.899	0.877	0.903	0.913	0.91	0.915	0.857	0.818	0.776	0.913	0.079	0.779	0.925	0.904	0.948	0.973	0.969	0.978	0.958	0.947	0.943	0.917	0.081	0.886	0.891	0.88	0.909	0.92	0.914	0.931	0.902	0.874	0.858	0.925	0.08	0.88	0.889	0.866	0.891	0.915	0.905	0.892	0.843	0.812	0.776	0.928	0.08	0.759	0.912	0.9	0.928	0.943	0.941	0.948	0.945	0.943	0.93	0.941	0.08	0.89	0.875	0.879	0.899	0.908	0.901	0.885	0.836	0.801	0.765	0.078	0.078
0.876	0.872	0.882	0.892	0.912	0.91	0.921	0.903	0.879	0.864	0.079	0.079	0.781	0.903	0.873	0.891	0.895	0.879	0.836	0.788	0.778	0.768	0.909	0.079	0.883	0.9	0.877	0.904	0.913	0.91	0.918	0.859	0.82	0.775	0.915	0.08	0.778	0.917	0.905	0.95	0.975	0.972	0.981	0.959	0.948	0.945	0.92	0.08	0.887	0.886	0.881	0.91	0.922	0.916	0.93	0.903	0.877	0.857	0.928	0.081	0.881	0.886	0.867	0.892	0.915	0.905	0.894	0.842	0.811	0.775	0.929	0.079	0.76	0.913	0.902	0.93	0.946	0.944	0.951	0.948	0.945	0.932	0.943	0.08	0.89	0.878	0.88	0.899	0.908	0.902	0.888	0.837	0.803	0.767	0.078	0.079
0.872	0.873	0.88	0.891	0.914	0.911	0.921	0.904	0.88	0.865	0.079	0.078	0.779	0.903	0.872	0.892	0.896	0.881	0.837	0.789	0.78	0.769	0.912	0.079	0.883	0.9	0.878	0.905	0.914	0.912	0.919	0.861	0.82	0.776	0.917	0.079	0.777	0.905	0.906	0.952	0.979	0.974	0.983	0.963	0.949	0.947	0.922	0.08	0.886	0.875	0.881	0.912	0.923	0.916	0.931	0.905	0.878	0.858	0.929	0.08	0.882	0.871	0.868	0.894	0.915	0.906	0.897	0.846	0.814	0.778	0.932	0.08	0.76	0.913	0.904	0.932	0.949	0.946	0.954	0.949	0.946	0.933	0.945	0.08	0.892	0.879	0.881	0.899	0.91	0.902	0.889	0.839	0.804	0.767	0.078	0.078
0.87	0.873	0.876	0.891	0.917	0.915	0.922	0.907	0.884	0.868	0.08	0.078	0.779	0.899	0.872	0.892	0.897	0.883	0.838	0.792	0.781	0.771	0.916	0.078	0.884	0.896	0.88	0.906	0.915	0.913	0.923	0.864	0.823	0.779	0.92	0.08	0.778	0.906	0.907	0.954	0.981	0.977	0.985	0.964	0.952	0.949	0.923	0.081	0.888	0.874	0.883	0.912	0.924	0.919	0.933	0.906	0.879	0.859	0.929	0.08	0.883	0.871	0.869	0.895	0.915	0.906	0.899	0.847	0.816	0.78	0.933	0.08	0.761	0.911	0.919	0.934	0.951	0.948	0.957	0.951	0.949	0.935	0.948	0.08	0.892	0.876	0.882	0.901	0.911	0.902	0.891	0.839	0.805	0.768	0.078	0.078
0.871	0.861	0.877	0.896	0.92	0.918	0.925	0.908	0.886	0.872	0.08	0.078	0.779	0.897	0.873	0.894	0.898	0.885	0.839	0.792	0.78	0.772	0.917	0.079	0.883	0.895	0.88	0.907	0.915	0.913	0.925	0.866	0.824	0.779	0.919	0.08	0.779	0.907	0.908	0.957	0.984	0.98	0.989	0.968	0.956	0.952	0.924	0.08	0.888	0.874	0.884	0.911	0.926	0.92	0.934	0.907	0.878	0.858	0.93	0.08	0.883	0.871	0.869	0.898	0.916	0.907	0.902	0.849	0.817	0.78	0.934	0.08	0.76	0.911	0.905	0.936	0.953	0.951	0.96	0.953	0.951	0.938	0.95	0.08	0.893	0.877	0.884	0.902	0.912	0.904	0.893	0.841	0.807	0.77	0.078	0.078
0.87	0.856	0.881	0.899	0.923	0.921	0.927	0.909	0.887	0.872	0.079	0.079	0.782	0.901	0.876	0.898	0.903	0.889	0.844	0.795	0.785	0.775	0.919	0.078	0.884	0.898	0.883	0.908	0.915	0.914	0.926	0.868	0.826	0.781	0.922	0.08	0.78	0.906	0.91	0.96	0.987	0.99	0.992	0.971	0.957	0.952	0.925	0.081	0.888	0.873	0.886	0.912	0.928	0.921	0.935	0.909	0.88	0.861	0.934	0.08	0.886	0.871	0.871	0.9	0.916	0.908	0.904	0.852	0.819	0.782	0.936	0.081	0.763	0.909	0.907	0.941	0.956	0.954	0.962	0.956	0.953	0.939	0.954	0.08	0.894	0.877	0.886	0.903	0.914	0.904	0.894	0.842	0.807	0.77	0.078	0.079
0.872	0.853	0.881	0.902	0.925	0.924	0.929	0.909	0.887	0.869	0.08	0.078	0.779	0.901	0.876	0.898	0.903	0.889	0.843	0.795	0.784	0.775	0.92	0.079	0.885	0.898	0.885	0.908	0.917	0.916	0.927	0.872	0.828	0.784	0.924	0.08	0.779	0.907	0.912	0.961	1.004	1	0.994	0.973	0.96	0.955	0.927	0.081	0.889	0.871	0.888	0.914	0.93	0.924	0.936	0.911	0.884	0.864	0.935	0.08	0.887	0.873	0.873	0.9	0.918	0.909	0.906	0.852	0.82	0.782	0.938	0.081	0.763	0.908	0.908	0.941	0.958	0.957	0.964	0.957	0.955	0.941	0.956	0.08	0.896	0.877	0.887	0.905	0.915	0.906	0.896	0.843	0.807	0.77	0.079	0.078
0.878	0.855	0.88	0.903	0.925	0.926	0.93	0.911	0.888	0.871	0.079	0.079	0.781	0.905	0.878	0.9	0.905	0.892	0.845	0.795	0.783	0.773	0.92	0.079	0.887	0.897	0.886	0.91	0.918	0.917	0.928	0.875	0.83	0.785	0.925	0.08	0.778	0.907	0.913	0.964	1.005	0.999	0.996	0.975	0.962	0.958	0.929	0.081	0.893	0.873	0.89	0.915	0.932	0.925	0.938	0.913	0.885	0.864	0.935	0.08	0.888	0.874	0.874	0.902	0.919	0.91	0.91	0.856	0.823	0.784	0.941	0.08	0.764	0.907	0.911	0.943	0.961	0.976	0.967	0.96	0.957	0.942	0.959	0.081	0.896	0.877	0.889	0.906	0.918	0.907	0.898	0.843	0.809	0.77	0.078	0.078
0.883	0.86	0.877	0.902	0.926	0.927	0.93	0.909	0.888	0.873	0.08	0.078	0.778	0.904	0.876	0.9	0.904	0.893	0.845	0.795	0.784	0.774	0.921	0.078	0.886	0.899	0.886	0.91	0.919	0.916	0.928	0.875	0.831	0.784	0.925	0.08	0.779	0.904	0.915	0.966	1.004	0.998	1.013	0.977	0.962	0.958	0.929	0.081	0.894	0.873	0.891	0.916	0.934	0.927	0.94	0.915	0.885	0.866	0.939	0.08	0.889	0.873	0.876	0.903	0.919	0.912	0.912	0.857	0.824	0.786	0.943	0.08	0.764	0.908	0.912	0.946	0.979	0.976	0.972	0.963	0.959	0.945	0.962	0.08	0.896	0.879	0.89	0.908	0.919	0.907	0.899	0.845	0.809	0.771	0.078	0.078
0.87	0.867	0.876	0.903	0.928	0.928	0.931	0.91	0.889	0.872	0.079	0.078	0.779	0.904	0.876	0.901	0.904	0.895	0.846	0.796	0.783	0.773	0.923	0.079	0.887	0.897	0.887	0.91	0.921	0.917	0.928	0.876	0.831	0.784	0.927	0.08	0.78	0.905	0.916	0.968	1.002	0.997	1.013	0.98	0.964	0.961	0.932	0.081	0.895	0.873	0.892	0.918	0.936	0.929	0.94	0.916	0.886	0.867	0.939	0.08	0.889	0.872	0.876	0.903	0.92	0.912	0.912	0.858	0.823	0.785	0.945	0.081	0.765	0.908	0.927	0.948	0.98	0.976	0.986	0.964	0.961	0.947	0.963	0.08	0.896	0.878	0.889	0.908	0.92	0.91	0.9	0.846	0.809	0.772	0.078	0.078
0.868	0.867	0.875	0.907	0.929	0.93	0.933	0.913	0.891	0.874	0.08	0.078	0.78	0.902	0.879	0.903	0.905	0.897	0.848	0.798	0.785	0.775	0.924	0.079	0.888	0.897	0.889	0.911	0.921	0.919	0.927	0.878	0.832	0.786	0.93	0.08	0.781	0.902	0.918	0.988	1.002	0.997	1.013	0.982	0.967	0.963	0.933	0.081	0.895	0.87	0.893	0.918	0.938	0.93	0.942	0.917	0.888	0.868	0.942	0.08	0.888	0.87	0.878	0.904	0.922	0.913	0.914	0.858	0.826	0.788	0.946	0.08	0.766	0.908	0.915	0.967	0.977	0.975	0.986	0.98	0.962	0.948	0.965	0.081	0.897	0.88	0.889	0.91	0.922	0.91	0.903	0.847	0.81	0.772	0.078	0.078
0.867	0.87	0.874	0.908	0.932	0.932	0.936	0.914	0.891	0.875	0.08	0.078	0.781	0.898	0.879	0.905	0.905	0.899	0.85	0.799	0.786	0.775	0.923	0.078	0.889	0.89	0.891	0.911	0.922	0.921	0.931	0.88	0.833	0.788	0.93	0.08	0.784	0.904	0.919	0.989	1.001	0.997	1.012	0.984	0.969	0.963	0.933	0.081	0.895	0.869	0.895	0.919	0.94	0.932	0.943	0.918	0.888	0.869	0.943	0.08	0.889	0.869	0.881	0.905	0.922	0.914	0.915	0.86	0.825	0.788	0.947	0.081	0.767	0.907	0.917	0.968	0.977	0.975	0.985	0.981	0.963	0.958	0.967	0.08	0.897	0.879	0.889	0.909	0.922	0.911	0.903	0.848	0.81	0.771	0.078	0.078
0.866	0.869	0.875	0.912	0.934	0.936	0.938	0.913	0.893	0.876	0.08	0.078	0.78	0.895	0.879	0.906	0.905	0.899	0.851	0.799	0.786	0.776	0.925	0.078	0.887	0.887	0.892	0.911	0.922	0.922	0.931	0.881	0.836	0.789	0.93	0.08	0.783	0.902	0.921	0.987	1.001	0.996	1.012	1.001	0.97	0.966	0.934	0.081	0.896	0.869	0.896	0.919	0.942	0.935	0.943	0.917	0.888	0.868	0.944	0.08	0.888	0.866	0.881	0.905	0.925	0.913	0.915	0.861	0.826	0.787	0.95	0.08	0.769	0.907	0.918	0.968	0.978	0.975	0.985	0.981	0.981	0.966	0.969	0.08	0.898	0.88	0.891	0.91	0.924	0.912	0.903	0.847	0.81	0.772	0.078	0.078
0.869	0.866	0.879	0.915	0.936	0.938	0.941	0.914	0.892	0.876	0.08	0.078	0.781	0.897	0.881	0.906	0.905	0.9	0.852	0.799	0.787	0.777	0.927	0.079	0.888	0.888	0.893	0.912	0.924	0.924	0.932	0.882	0.836	0.79	0.932	0.08	0.784	0.903	0.923	0.986	1	0.996	1.012	1.003	0.973	0.967	0.936	0.081	0.897	0.866	0.897	0.921	0.944	0.937	0.945	0.919	0.89	0.87	0.946	0.081	0.889	0.869	0.883	0.906	0.926	0.916	0.918	0.863	0.828	0.788	0.951	0.081	0.769	0.907	0.92	0.966	0.978	0.975	0.985	0.98	0.981	0.966	0.971	0.08	0.9	0.882	0.891	0.912	0.925	0.914	0.904	0.848	0.81	0.77	0.078	0.078
0.866	0.866	0.881	0.915	0.938	0.94	0.941	0.915	0.893	0.876	0.08	0.078	0.777	0.893	0.88	0.905	0.904	0.899	0.851	0.798	0.786	0.777	0.927	0.079	0.889	0.883	0.893	0.913	0.926	0.924	0.934	0.884	0.838	0.79	0.934	0.08	0.782	0.903	0.923	0.985	1	0.996	1.012	1.002	0.988	0.983	0.938	0.081	0.898	0.866	0.898	0.924	0.946	0.939	0.946	0.92	0.892	0.871	0.948	0.081	0.892	0.867	0.883	0.907	0.927	0.917	0.918	0.864	0.829	0.79	0.953	0.079	0.769	0.906	0.921	0.967	0.978	0.974	0.986	0.981	0.981	0.965	0.973	0.08	0.902	0.884	0.892	0.915	0.928	0.915	0.906	0.849	0.812	0.772	0.079	0.079
0.869	0.867	0.881	0.915	0.941	0.941	0.943	0.918	0.896	0.878	0.08	0.079	0.777	0.893	0.882	0.905	0.905	0.902	0.853	0.8	0.787	0.776	0.93	0.079	0.891	0.884	0.895	0.915	0.93	0.925	0.935	0.885	0.838	0.79	0.937	0.08	0.781	0.901	0.925	0.983	1	0.995	1.012	1.001	0.99	0.985	0.94	0.081	0.9	0.867	0.898	0.926	0.948	0.941	0.949	0.922	0.894	0.872	0.95	0.081	0.892	0.866	0.885	0.908	0.929	0.918	0.921	0.866	0.829	0.791	0.955	0.08	0.77	0.906	0.943	0.966	0.978	0.975	0.987	0.983	0.981	0.965	0.978	0.08	0.903	0.884	0.893	0.916	0.93	0.916	0.908	0.851	0.813	0.774	0.078	0.078
0.865	0.87	0.884	0.916	0.943	0.943	0.944	0.919	0.897	0.879	0.08	0.078	0.776	0.893	0.883	0.905	0.904	0.901	0.853	0.799	0.784	0.775	0.931	0.079	0.892	0.882	0.897	0.916	0.931	0.928	0.936	0.887	0.838	0.79	0.937	0.08	0.783	0.901	0.943	0.983	1	0.995	1.012	1.001	0.988	0.983	0.94	0.08	0.901	0.865	0.9	0.926	0.95	0.944	0.951	0.923	0.896	0.874	0.952	0.08	0.894	0.863	0.886	0.909	0.931	0.919	0.921	0.866	0.829	0.789	0.956	0.081	0.769	0.907	0.943	0.966	0.977	0.975	0.987	0.982	0.98	0.964	0.98	0.08	0.904	0.883	0.893	0.917	0.931	0.918	0.908	0.851	0.813	0.772	0.079	0.079
0.86	0.87	0.879	0.917	0.955	0.946	0.947	0.92	0.897	0.879	0.08	0.078	0.775	0.89	0.883	0.904	0.905	0.901	0.854	0.8	0.786	0.777	0.932	0.078	0.892	0.882	0.897	0.917	0.932	0.93	0.937	0.889	0.839	0.791	0.939	0.081	0.783	0.9	0.95	0.983	0.999	0.996	1.014	1.002	0.989	0.984	0.942	0.081	0.902	0.864	0.9	0.929	0.963	0.957	0.952	0.924	0.897	0.875	0.953	0.081	0.893	0.863	0.887	0.909	0.934	0.921	0.921	0.868	0.832	0.792	0.958	0.079	0.769	0.906	0.942	0.966	0.979	0.977	0.987	0.983	0.981	0.965	0.982	0.08	0.904	0.882	0.894	0.918	0.933	0.918	0.908	0.851	0.813	0.773	0.079	0.079
0.858	0.865	0.88	0.918	0.955	0.957	0.949	0.917	0.895	0.878	0.08	0.079	0.777	0.891	0.885	0.905	0.905	0.901	0.856	0.801	0.787	0.777	0.932	0.079	0.892	0.882	0.899	0.918	0.934	0.933	0.937	0.89	0.839	0.792	0.938	0.08	0.784	0.902	0.949	0.984	0.999	0.996	1.015	1.002	0.988	0.984	0.944	0.081	0.902	0.865	0.901	0.931	0.964	0.957	0.952	0.923	0.897	0.873	0.953	0.081	0.895	0.864	0.889	0.911	0.936	0.922	0.921	0.869	0.831	0.79	0.959	0.079	0.77	0.906	0.94	0.966	0.979	0.977	0.987	0.982	0.981	0.966	0.985	0.08	0.903	0.882	0.894	0.92	0.946	0.919	0.908	0.851	0.813	0.773	0.078	0.079
0.853	0.859	0.885	0.92	0.954	0.957	0.951	0.92	0.896	0.879	0.08	0.079	0.775	0.892	0.885	0.905	0.906	0.903	0.857	0.802	0.788	0.778	0.934	0.079	0.893	0.881	0.899	0.92	0.936	0.934	0.938	0.89	0.841	0.792	0.941	0.081	0.786	0.903	0.949	0.984	0.999	0.996	1.015	1.004	0.989	0.985	0.944	0.082	0.903	0.866	0.901	0.934	0.964	0.956	0.954	0.925	0.898	0.877	0.955	0.081	0.896	0.862	0.89	0.912	0.938	0.925	0.922	0.869	0.832	0.792	0.962	0.081	0.772	0.907	0.94	0.966	0.981	0.976	0.986	0.98	0.981	0.965	0.987	0.08	0.904	0.884	0.895	0.921	0.948	0.921	0.909	0.853	0.814	0.774	0.079	0.079
0.845	0.858	0.886	0.922	0.953	0.956	0.954	0.921	0.898	0.88	0.08	0.079	0.779	0.896	0.889	0.907	0.909	0.904	0.859	0.804	0.79	0.779	0.935	0.079	0.894	0.884	0.901	0.922	0.939	0.936	0.94	0.891	0.843	0.794	0.942	0.081	0.786	0.906	0.947	0.985	1	0.995	1.014	1.004	0.99	0.986	0.945	0.08	0.904	0.867	0.902	0.935	0.963	0.955	0.957	0.925	0.899	0.878	0.958	0.08	0.898	0.866	0.893	0.915	0.941	0.926	0.923	0.87	0.833	0.792	0.964	0.081	0.773	0.909	0.941	0.967	0.984	0.974	0.983	0.978	0.98	0.963	0.989	0.08	0.906	0.885	0.895	0.923	0.946	0.923	0.909	0.853	0.813	0.773	0.079	0.079
0.837	0.857	0.888	0.923	0.952	0.954	0.955	0.922	0.897	0.88	0.08	0.08	0.777	0.895	0.889	0.907	0.91	0.904	0.86	0.806	0.791	0.781	0.937	0.079	0.895	0.88	0.901	0.924	0.942	0.939	0.942	0.894	0.845	0.796	0.944	0.08	0.785	0.904	0.946	0.984	1	0.991	1.013	1.005	0.991	0.986	0.949	0.081	0.905	0.866	0.903	0.937	0.962	0.954	0.958	0.928	0.901	0.879	0.961	0.08	0.9	0.867	0.894	0.917	0.942	0.927	0.925	0.872	0.835	0.794	0.967	0.08	0.774	0.909	0.943	0.969	0.983	0.972	0.981	0.976	0.978	0.962	0.993	0.08	0.908	0.886	0.898	0.934	0.945	0.924	0.911	0.853	0.815	0.774	0.079	0.079
0.829	0.864	0.886	0.934	0.95	0.952	0.956	0.924	0.901	0.885	0.08	0.079	0.777	0.897	0.891	0.908	0.911	0.905	0.862	0.807	0.792	0.782	0.94	0.079	0.898	0.88	0.901	0.924	0.944	0.94	0.944	0.896	0.846	0.797	0.947	0.081	0.786	0.905	0.947	0.984	0.999	0.99	1.012	1.004	0.991	0.987	0.952	0.081	0.907	0.865	0.904	0.95	0.961	0.952	0.971	0.928	0.903	0.88	0.963	0.081	0.902	0.866	0.896	0.918	0.945	0.93	0.926	0.874	0.836	0.794	0.969	0.08	0.774	0.91	0.944	0.97	0.983	0.97	0.979	0.973	0.977	0.959	0.995	0.08	0.909	0.887	0.897	0.934	0.943	0.934	0.911	0.853	0.814	0.775	0.079	0.079
0.82	0.867	0.889	0.933	0.95	0.952	0.967	0.925	0.9	0.883	0.08	0.079	0.777	0.896	0.892	0.908	0.912	0.906	0.863	0.805	0.792	0.781	0.941	0.079	0.9	0.881	0.902	0.927	0.951	0.942	0.944	0.898	0.846	0.796	0.948	0.08	0.786	0.904	0.947	0.984	0.998	0.989	1.009	1.002	0.989	0.984	0.953	0.08	0.91	0.863	0.905	0.95	0.96	0.953	0.972	0.93	0.903	0.882	0.965	0.081	0.904	0.866	0.897	0.919	0.947	0.933	0.928	0.876	0.839	0.797	0.979	0.081	0.775	0.91	0.945	0.971	0.981	0.968	0.977	0.972	0.973	0.957	1.012	0.08	0.911	0.888	0.898	0.934	0.942	0.938	0.913	0.855	0.815	0.774	0.079	0.079
0.814	0.867	0.891	0.933	0.949	0.951	0.97	0.925	0.901	0.884	0.08	0.079	0.778	0.896	0.894	0.91	0.913	0.909	0.865	0.805	0.789	0.778	0.942	0.079	0.902	0.881	0.903	0.928	0.958	0.948	0.946	0.899	0.847	0.797	0.949	0.08	0.788	0.904	0.948	0.984	0.995	0.988	1.008	0.999	0.986	0.982	0.953	0.081	0.91	0.863	0.905	0.949	0.959	0.951	0.971	0.93	0.904	0.883	0.967	0.081	0.903	0.865	0.899	0.922	0.959	0.935	0.928	0.877	0.838	0.795	0.98	0.081	0.775	0.91	0.945	0.973	0.978	0.966	0.975	0.97	0.971	0.953	1.012	0.08	0.912	0.887	0.9	0.932	0.941	0.937	0.912	0.855	0.815	0.774	0.079	0.079
0.809	0.867	0.893	0.931	0.948	0.95	0.968	0.924	0.9	0.883	0.08	0.079	0.777	0.894	0.894	0.91	0.913	0.908	0.865	0.806	0.79	0.779	0.943	0.079	0.901	0.877	0.902	0.93	0.957	0.956	0.946	0.9	0.847	0.796	0.949	0.08	0.789	0.904	0.948	0.984	0.993	0.987	1.006	0.997	0.984	0.979	0.955	0.081	0.912	0.865	0.906	0.949	0.958	0.95	0.97	0.93	0.905	0.882	0.975	0.081	0.905	0.864	0.9	0.923	0.96	0.936	0.928	0.877	0.839	0.796	0.98	0.081	0.776	0.909	0.947	0.973	0.976	0.965	0.974	0.969	0.968	0.951	1.01	0.08	0.912	0.886	0.899	0.932	0.94	0.935	0.912	0.855	0.814	0.773	0.078	0.079
0.81	0.866	0.897	0.931	0.948	0.95	0.967	0.925	0.899	0.881	0.08	0.079	0.774	0.892	0.894	0.911	0.915	0.907	0.865	0.805	0.788	0.778	0.943	0.079	0.901	0.873	0.903	0.931	0.956	0.955	0.946	0.9	0.845	0.794	0.948	0.081	0.788	0.902	0.948	0.984	0.991	0.985	1.005	0.994	0.98	0.975	0.954	0.081	0.912	0.864	0.907	0.948	0.958	0.95	0.967	0.929	0.904	0.882	0.977	0.081	0.905	0.861	0.898	0.924	0.959	0.948	0.928	0.876	0.837	0.793	0.976	0.081	0.775	0.908	0.946	0.972	0.972	0.964	0.973	0.967	0.965	0.949	1.006	0.08	0.913	0.885	0.898	0.929	0.94	0.934	0.912	0.855	0.813	0.772	0.078	0.08
0.81	0.868	0.9	0.929	0.947	0.95	0.966	0.926	0.899	0.881	0.08	0.079	0.77	0.89	0.894	0.912	0.916	0.906	0.865	0.804	0.788	0.778	0.945	0.079	0.902	0.871	0.904	0.932	0.955	0.953	0.948	0.899	0.847	0.795	0.951	0.081	0.787	0.9	0.947	0.986	0.99	0.983	1.004	0.992	0.977	0.974	0.956	0.081	0.912	0.861	0.908	0.948	0.957	0.948	0.967	0.929	0.903	0.88	0.975	0.081	0.906	0.861	0.897	0.926	0.958	0.948	0.928	0.875	0.836	0.792	0.974	0.08	0.774	0.906	0.947	0.97	0.971	0.962	0.972	0.966	0.965	0.947	1.004	0.08	0.913	0.885	0.91	0.929	0.938	0.932	0.913	0.854	0.812	0.771	0.078	0.079
0.808	0.868	0.905	0.928	0.946	0.949	0.966	0.929	0.901	0.884	0.08	0.078	0.775	0.89	0.894	0.913	0.917	0.906	0.866	0.804	0.788	0.777	0.947	0.079	0.902	0.872	0.906	0.944	0.954	0.952	0.951	0.901	0.848	0.798	0.954	0.08	0.788	0.9	0.947	0.988	0.988	0.983	1.004	0.991	0.977	0.972	0.966	0.081	0.913	0.861	0.908	0.946	0.956	0.946	0.966	0.93	0.904	0.881	0.975	0.081	0.906	0.86	0.898	0.927	0.956	0.947	0.93	0.877	0.838	0.793	0.973	0.08	0.774	0.906	0.947	0.969	0.97	0.962	0.97	0.965	0.963	0.946	1.002	0.08	0.926	0.885	0.911	0.928	0.936	0.93	0.914	0.855	0.814	0.772	0.079	0.079
0.81	0.869	0.921	0.926	0.946	0.948	0.965	0.928	0.902	0.882	0.08	0.079	0.775	0.889	0.894	0.913	0.919	0.907	0.866	0.804	0.788	0.777	0.948	0.079	0.904	0.87	0.906	0.944	0.954	0.952	0.951	0.902	0.848	0.797	0.963	0.081	0.787	0.9	0.948	0.989	0.988	0.983	1.003	0.991	0.976	0.971	0.969	0.081	0.914	0.861	0.909	0.946	0.955	0.945	0.963	0.931	0.906	0.883	0.972	0.081	0.907	0.858	0.9	0.939	0.955	0.945	0.93	0.878	0.838	0.794	0.97	0.08	0.775	0.906	0.949	0.968	0.97	0.961	0.97	0.964	0.962	0.945	1	0.081	0.928	0.885	0.911	0.929	0.935	0.927	0.915	0.855	0.813	0.771	0.078	0.079
0.81	0.865	0.922	0.926	0.946	0.947	0.965	0.929	0.902	0.884	0.08	0.079	0.773	0.888	0.895	0.915	0.92	0.909	0.868	0.805	0.788	0.777	0.954	0.079	0.905	0.869	0.906	0.943	0.952	0.95	0.958	0.903	0.85	0.799	0.966	0.08	0.788	0.9	0.949	0.987	0.987	0.982	1.003	0.99	0.975	0.97	0.967	0.081	0.916	0.861	0.91	0.946	0.955	0.943	0.961	0.933	0.907	0.885	0.971	0.081	0.907	0.859	0.9	0.94	0.953	0.944	0.933	0.881	0.839	0.795	0.966	0.08	0.775	0.907	0.95	0.965	0.969	0.96	0.969	0.964	0.961	0.944	0.998	0.081	0.928	0.885	0.911	0.928	0.933	0.924	0.915	0.856	0.814	0.771	0.078	0.079
0.81	0.864	0.917	0.927	0.946	0.947	0.962	0.938	0.902	0.884	0.08	0.079	0.773	0.886	0.895	0.915	0.922	0.91	0.87	0.807	0.789	0.778	0.958	0.079	0.905	0.868	0.907	0.941	0.951	0.948	0.963	0.903	0.85	0.798	0.964	0.08	0.789	0.899	0.949	0.985	0.986	0.981	1.002	0.988	0.974	0.968	0.966	0.08	0.917	0.86	0.919	0.947	0.955	0.94	0.958	0.945	0.908	0.885	0.966	0.081	0.915	0.859	0.901	0.939	0.953	0.942	0.934	0.881	0.841	0.796	0.962	0.08	0.777	0.907	0.951	0.965	0.968	0.959	0.969	0.963	0.961	0.943	0.996	0.081	0.928	0.885	0.909	0.927	0.93	0.921	0.916	0.856	0.814	0.771	0.078	0.079
0.809	0.868	0.914	0.927	0.947	0.944	0.96	0.938	0.902	0.884	0.08	0.079	0.774	0.888	0.894	0.917	0.93	0.911	0.871	0.806	0.788	0.776	0.956	0.079	0.907	0.869	0.909	0.94	0.951	0.947	0.963	0.904	0.852	0.799	0.964	0.08	0.791	0.901	0.949	0.984	0.986	0.984	1.001	0.988	0.974	0.968	0.964	0.081	0.92	0.861	0.926	0.946	0.954	0.938	0.954	0.946	0.907	0.885	0.962	0.081	0.921	0.859	0.902	0.937	0.952	0.94	0.935	0.882	0.84	0.796	0.957	0.08	0.777	0.907	0.954	0.964	0.967	0.959	0.969	0.963	0.959	0.942	0.994	0.081	0.928	0.886	0.91	0.926	0.927	0.917	0.927	0.856	0.814	0.772	0.078	0.079
0.809	0.865	0.913	0.928	0.946	0.942	0.96	0.939	0.901	0.882	0.08	0.079	0.772	0.887	0.895	0.919	0.932	0.912	0.871	0.806	0.79	0.777	0.954	0.079	0.909	0.869	0.909	0.941	0.949	0.946	0.961	0.903	0.849	0.799	0.959	0.08	0.788	0.899	0.95	0.982	0.987	0.988	1.001	0.987	0.972	0.967	0.959	0.081	0.919	0.86	0.924	0.945	0.952	0.935	0.951	0.947	0.908	0.885	0.958	0.081	0.923	0.858	0.903	0.936	0.95	0.938	0.935	0.883	0.84	0.795	0.954	0.08	0.778	0.907	0.956	0.962	0.967	0.959	0.968	0.963	0.959	0.941	0.99	0.081	0.928	0.885	0.909	0.925	0.923	0.914	0.932	0.857	0.815	0.772	0.078	0.079
0.808	0.865	0.913	0.927	0.944	0.939	0.957	0.939	0.903	0.884	0.08	0.079	0.774	0.89	0.897	0.92	0.932	0.913	0.872	0.806	0.789	0.778	0.952	0.079	0.91	0.869	0.91	0.939	0.948	0.944	0.959	0.903	0.85	0.798	0.956	0.08	0.789	0.9	0.952	0.981	0.988	0.987	1.002	0.986	0.971	0.964	0.953	0.081	0.92	0.862	0.924	0.946	0.949	0.933	0.948	0.945	0.908	0.886	0.955	0.081	0.923	0.859	0.903	0.936	0.949	0.936	0.937	0.883	0.842	0.796	0.95	0.08	0.778	0.906	0.956	0.961	0.966	0.961	0.968	0.962	0.958	0.941	0.989	0.081	0.927	0.885	0.909	0.923	0.919	0.91	0.931	0.858	0.815	0.771	0.079	0.079
0.807	0.862	0.913	0.928	0.939	0.936	0.956	0.939	0.912	0.885	0.08	0.079	0.775	0.89	0.898	0.922	0.93	0.914	0.872	0.808	0.792	0.779	0.949	0.079	0.912	0.869	0.911	0.939	0.947	0.942	0.958	0.904	0.852	0.8	0.952	0.08	0.791	0.903	0.953	0.981	0.992	0.986	1.007	0.986	0.971	0.966	0.951	0.08	0.923	0.861	0.923	0.946	0.947	0.932	0.945	0.94	0.91	0.887	0.951	0.081	0.923	0.858	0.904	0.934	0.947	0.933	0.947	0.884	0.844	0.797	0.948	0.08	0.778	0.906	0.955	0.96	0.967	0.964	0.968	0.961	0.957	0.939	0.987	0.081	0.926	0.885	0.909	0.92	0.916	0.907	0.927	0.858	0.815	0.772	0.079	0.079
0.806	0.861	0.907	0.927	0.937	0.932	0.954	0.938	0.915	0.893	0.08	0.079	0.775	0.892	0.898	0.931	0.929	0.923	0.873	0.809	0.789	0.777	0.944	0.079	0.912	0.869	0.919	0.938	0.947	0.94	0.958	0.904	0.853	0.801	0.949	0.08	0.793	0.905	0.955	0.981	0.991	0.983	1.008	0.987	0.972	0.966	0.948	0.081	0.926	0.862	0.924	0.947	0.946	0.93	0.944	0.937	0.911	0.889	0.95	0.081	0.923	0.859	0.906	0.934	0.947	0.931	0.95	0.885	0.845	0.799	0.946	0.08	0.78	0.914	0.956	0.959	0.971	0.964	0.972	0.962	0.956	0.939	0.986	0.081	0.925	0.885	0.908	0.918	0.914	0.905	0.924	0.859	0.816	0.773	0.079	0.079
0.805	0.854	0.908	0.924	0.934	0.93	0.95	0.937	0.917	0.898	0.08	0.079	0.778	0.897	0.899	0.933	0.93	0.927	0.877	0.813	0.794	0.783	0.942	0.079	0.914	0.871	0.922	0.938	0.946	0.937	0.955	0.907	0.856	0.802	0.946	0.081	0.794	0.904	0.957	0.979	0.989	0.98	1.006	0.986	0.971	0.965	0.945	0.08	0.935	0.862	0.923	0.946	0.944	0.928	0.942	0.933	0.922	0.89	0.947	0.081	0.922	0.862	0.908	0.933	0.944	0.927	0.949	0.887	0.847	0.8	0.944	0.08	0.781	0.93	0.954	0.959	0.972	0.962	0.974	0.964	0.956	0.939	0.984	0.081	0.923	0.884	0.907	0.914	0.911	0.902	0.918	0.859	0.815	0.772	0.079	0.079
0.806	0.856	0.908	0.922	0.93	0.926	0.947	0.933	0.917	0.9	0.08	0.079	0.781	0.9	0.901	0.933	0.929	0.926	0.879	0.814	0.794	0.782	0.938	0.079	0.917	0.872	0.921	0.937	0.943	0.934	0.952	0.908	0.857	0.805	0.943	0.08	0.795	0.904	0.959	0.979	0.988	0.978	1.003	0.987	0.97	0.963	0.942	0.081	0.94	0.862	0.921	0.945	0.942	0.926	0.941	0.93	0.925	0.892	0.945	0.081	0.921	0.861	0.918	0.933	0.942	0.924	0.949	0.888	0.847	0.8	0.943	0.08	0.782	0.936	0.952	0.959	0.97	0.959	0.973	0.967	0.956	0.939	0.983	0.081	0.92	0.885	0.906	0.911	0.909	0.9	0.913	0.86	0.816	0.772	0.078	0.079
0.816	0.853	0.909	0.92	0.928	0.924	0.944	0.93	0.913	0.898	0.08	0.079	0.779	0.897	0.901	0.933	0.929	0.924	0.88	0.814	0.794	0.781	0.933	0.079	0.926	0.87	0.921	0.937	0.94	0.931	0.948	0.907	0.857	0.803	0.939	0.08	0.795	0.902	0.961	0.979	0.985	0.975	1	0.987	0.97	0.962	0.939	0.081	0.94	0.861	0.921	0.942	0.939	0.924	0.938	0.925	0.922	0.89	0.943	0.08	0.918	0.859	0.92	0.932	0.939	0.921	0.944	0.888	0.847	0.799	0.94	0.08	0.782	0.934	0.951	0.958	0.967	0.957	0.97	0.967	0.955	0.938	0.981	0.081	0.918	0.883	0.905	0.908	0.906	0.898	0.909	0.859	0.815	0.771	0.079	0.079
0.818	0.852	0.91	0.918	0.924	0.921	0.941	0.925	0.909	0.895	0.08	0.079	0.777	0.891	0.899	0.929	0.926	0.92	0.877	0.812	0.792	0.78	0.93	0.08	0.926	0.868	0.92	0.936	0.937	0.927	0.943	0.907	0.856	0.802	0.935	0.08	0.796	0.901	0.961	0.978	0.982	0.972	0.998	0.991	0.968	0.961	0.936	0.081	0.94	0.86	0.922	0.939	0.938	0.922	0.935	0.922	0.918	0.899	0.941	0.081	0.914	0.858	0.919	0.931	0.935	0.918	0.939	0.887	0.846	0.798	0.938	0.08	0.782	0.934	0.949	0.958	0.965	0.955	0.968	0.966	0.956	0.939	0.98	0.081	0.914	0.882	0.903	0.905	0.905	0.895	0.906	0.86	0.815	0.771	0.079	0.079
0.818	0.854	0.909	0.917	0.923	0.92	0.939	0.922	0.905	0.891	0.08	0.079	0.776	0.89	0.91	0.929	0.925	0.918	0.877	0.812	0.791	0.779	0.926	0.079	0.926	0.867	0.918	0.935	0.933	0.924	0.939	0.906	0.854	0.8	0.932	0.08	0.795	0.898	0.96	0.976	0.979	0.969	0.995	0.991	0.967	0.96	0.934	0.081	0.938	0.859	0.921	0.935	0.936	0.92	0.934	0.919	0.913	0.901	0.939	0.08	0.91	0.857	0.917	0.928	0.932	0.914	0.934	0.887	0.846	0.798	0.936	0.08	0.782	0.932	0.945	0.959	0.963	0.952	0.965	0.963	0.958	0.941	0.977	0.081	0.91	0.88	0.901	0.901	0.902	0.893	0.902	0.86	0.815	0.769	0.079	0.079
0.817	0.854	0.909	0.914	0.921	0.918	0.937	0.917	0.9	0.886	0.08	0.079	0.775	0.888	0.913	0.929	0.923	0.915	0.876	0.811	0.791	0.778	0.925	0.079	0.925	0.865	0.918	0.933	0.931	0.922	0.936	0.907	0.854	0.8	0.93	0.08	0.795	0.896	0.958	0.976	0.976	0.966	0.991	0.989	0.969	0.959	0.931	0.081	0.935	0.857	0.921	0.933	0.933	0.918	0.932	0.916	0.909	0.899	0.938	0.08	0.905	0.855	0.915	0.926	0.928	0.911	0.927	0.886	0.845	0.796	0.933	0.081	0.781	0.93	0.943	0.962	0.96	0.948	0.962	0.959	0.961	0.942	0.976	0.081	0.906	0.878	0.899	0.898	0.9	0.891	0.899	0.86	0.815	0.769	0.079	0.079
0.815	0.855	0.91	0.911	0.92	0.917	0.935	0.914	0.897	0.882	0.08	0.079	0.774	0.886	0.91	0.928	0.922	0.913	0.876	0.812	0.792	0.779	0.923	0.079	0.922	0.864	0.916	0.932	0.929	0.921	0.933	0.907	0.857	0.802	0.93	0.08	0.795	0.895	0.959	0.978	0.973	0.964	0.989	0.988	0.973	0.961	0.932	0.081	0.932	0.856	0.921	0.93	0.931	0.916	0.93	0.914	0.905	0.896	0.935	0.081	0.901	0.854	0.915	0.926	0.926	0.909	0.923	0.887	0.846	0.799	0.932	0.08	0.782	0.929	0.943	0.961	0.957	0.946	0.959	0.956	0.96	0.94	0.974	0.081	0.901	0.877	0.897	0.895	0.897	0.889	0.897	0.86	0.815	0.77	0.079	0.079
